1 1.950000
2 1.901250
3 1.355532
4 1.073836
5 0.893213
6 0.764200
7 0.665928
8 0.587830
9 0.523881
10 0.470347
11 0.424767
12 0.385440
13 0.351142
14 0.320966
15 0.294221
16 0.270371
17 0.248989
18 0.229734
19 0.212324
20 0.196529
21 0.182155
22 0.169038
23 0.157040
24 0.146041
25 0.135938
26 0.126641
27 0.118073
28 0.110165
29 0.102855
30 0.096091
31 0.089824
32 0.084012
33 0.078616
34 0.073602
35 0.068939
36 0.064599
37 0.060556
38 0.056788
39 0.053274
40 0.049994
41 0.046932
42 0.044071
43 0.041396
44 0.038894
45 0.036554
46 0.034363
47 0.032311
48 0.030389
49 0.028588
50 0.026899
51 0.025315
52 0.023829
53 0.022435
54 0.021126
55 0.019897
56 0.018742
57 0.017658
58 0.016639
59 0.015681
60 0.014780
61 0.013933
62 0.013137
63 0.012388
64 0.011683
65 0.011019
66 0.010394
67 0.009806
68 0.009252
69 0.008731
70 0.008240
71 0.007777
72 0.007341
73 0.006930
74 0.006543
75 0.006178
76 0.005833
77 0.005509
78 0.005203
79 0.004914
80 0.004642
81 0.004385
82 0.004143
83 0.003914
84 0.003699
85 0.003495
86 0.003303
87 0.003122
88 0.003077
89 0.003037
90 0.002990
91 0.002954
92 0.002912
93 0.002875
94 0.002838
95 0.002802
96 0.002767
97 0.002734
98 0.002700
99 0.002669
100 0.002637
101 0.002607
102 0.002577
103 0.002548
104 0.002520
105 0.002492
106 0.002466
107 0.002438
108 0.002414
109 0.002388
110 0.002364
111 0.002339
112 0.002316
113 0.002293
114 0.002270
115 0.002248
116 0.002226
117 0.002205
118 0.002184
119 0.002164
120 0.002143
121 0.002124
122 0.002104
123 0.002085
124 0.002067
125 0.002048
126 0.002031
127 0.002013
128 0.001996
129 0.001979
130 0.001962
131 0.001946
132 0.001929
133 0.001914
134 0.001898
135 0.001883
136 0.001867
137 0.001853
138 0.001838
139 0.001824
140 0.001809
141 0.001795
142 0.001782
143 0.001768
144 0.001755
145 0.001742
146 0.001729
147 0.001716
148 0.001704
149 0.001691
150 0.001679
151 0.001667
152 0.001655
153 0.001643
154 0.001632
155 0.001621
156 0.001609
157 0.001598
158 0.001587
159 0.001577
160 0.001566
161 0.001555
162 0.001545
163 0.001535
164 0.001525
165 0.001515
166 0.001508
167 0.001503
168 0.001497
169 0.001489
170 0.001482
171 0.001474
172 0.001466
173 0.001456
174 0.001447
175 0.001437
176 0.001430
177 0.001423
178 0.001415
179 0.001406
180 0.001399
181 0.001392
182 0.001384
183 0.001377
184 0.001370
185 0.001363
186 0.001356
187 0.001350
188 0.001343
189 0.001337
190 0.001331
191 0.001324
192 0.001318
193 0.001312
194 0.001306
195 0.001300
196 0.001294
197 0.001288
198 0.001283
199 0.001277
200 0.001271
201 0.001266
202 0.001261
203 0.001255
204 0.001250
205 0.001245
206 0.001240
207 0.001235
208 0.001230
209 0.001225
210 0.001220
211 0.001215
212 0.001211
213 0.001206
214 0.001202
215 0.001197
216 0.001193
217 0.001188
218 0.001184
219 0.001180
220 0.001176
221 0.001171
222 0.001167
223 0.001163
224 0.001159
225 0.001155
226 0.001151
227 0.001148
228 0.001144
229 0.001140
230 0.001136
231 0.001133
232 0.001129
233 0.001125
234 0.001122
235 0.001118
236 0.001115
237 0.001112
238 0.001108
239 0.001105
240 0.001102
241 0.001099
242 0.001095
243 0.001092
244 0.001089
245 0.001086
246 0.001083
247 0.001080
248 0.001077
249 0.001074
250 0.001071
251 0.001068
252 0.001066
253 0.001063
254 0.001060
255 0.001057
256 0.001055
257 0.001052
258 0.001050
259 0.001047
260 0.001044
261 0.001042
262 0.001039
263 0.001037
264 0.001035
265 0.001032
266 0.001030
267 0.001027
268 0.001025
269 0.001023
270 0.001021
271 0.001018
272 0.001016
273 0.001014
274 0.001012
275 0.001010
276 0.001008
277 0.001006
278 0.001004
279 0.001002
280 0.000999
281 0.000998
282 0.000996
283 0.000994
284 0.000992
285 0.000990
286 0.000988
287 0.000986
288 0.000984
289 0.000983
290 0.000981
291 0.000979
292 0.000977
293 0.000976
294 0.000974
295 0.000972
296 0.000971
297 0.000969
298 0.000967
299 0.000966
300 0.000964
301 0.000963
302 0.000961
303 0.000960
304 0.000958
305 0.000957
306 0.000955
307 0.000954
308 0.000952
309 0.000951
310 0.000949
311 0.000948
312 0.000947
313 0.000945
314 0.000944
315 0.000943
316 0.000941
317 0.000940
318 0.000939
319 0.000937
320 0.000936
321 0.000935
322 0.000934
323 0.000932
324 0.000931
325 0.000930
326 0.000928
327 0.000927
328 0.000926
329 0.000925
330 0.000923
331 0.000922
332 0.000921
333 0.000919
334 0.000918
335 0.000917
336 0.000916
337 0.000914
338 0.000913
339 0.000912
340 0.000910
341 0.000909
342 0.000908
343 0.000907
344 0.000905
345 0.000904
346 0.000903
347 0.000901
348 0.000900
349 0.000899
350 0.000898
351 0.000896
352 0.000895
353 0.000894
354 0.000892
355 0.000891
356 0.000890
357 0.000889
358 0.000887
359 0.000886
360 0.000885
361 0.000884
362 0.000882
363 0.000881
364 0.000880
365 0.000878
366 0.000877
367 0.000876
368 0.000875
369 0.000873
370 0.000872
371 0.000871
372 0.000870
373 0.000868
374 0.000867
375 0.000866
376 0.000865
377 0.000863
378 0.000862
379 0.000861
380 0.000860
381 0.000858
382 0.000857
383 0.000856
384 0.000855
385 0.000853
386 0.000852
387 0.000851
388 0.000850
389 0.000849
390 0.000847
391 0.000846
392 0.000845
393 0.000844
394 0.000842
395 0.000841
396 0.000840
397 0.000839
398 0.000838
399 0.000836
400 0.000835
401 0.000834
402 0.000833
403 0.000831
404 0.000830
405 0.000829
406 0.000828
407 0.000827
408 0.000825
409 0.000824
410 0.000823
411 0.000822
412 0.000821
413 0.000820
414 0.000818
415 0.000817
416 0.000816
417 0.000815
418 0.000814
419 0.000812
420 0.000811
421 0.000810
422 0.000809
423 0.000808
424 0.000807
425 0.000805
426 0.000804
427 0.000803
428 0.000802
429 0.000801
430 0.000800
431 0.000799
432 0.000797
433 0.000796
434 0.000795
435 0.000794
436 0.000793
437 0.000792
438 0.000791
439 0.000789
440 0.000788
441 0.000787
442 0.000786
443 0.000785
444 0.000784
445 0.000783
446 0.000782
447 0.000780
448 0.000779
449 0.000778
450 0.000777
451 0.000776
452 0.000775
453 0.000774
454 0.000773
455 0.000772
456 0.000771
457 0.000769
458 0.000768
459 0.000767
460 0.000766
461 0.000765
462 0.000764
463 0.000763
464 0.000762
465 0.000761
466 0.000760
467 0.000759
468 0.000758
469 0.000756
470 0.000755
471 0.000754
472 0.000753
473 0.000752
474 0.000751
475 0.000750
476 0.000749
477 0.000748
478 0.000747
479 0.000746
480 0.000745
481 0.000744
482 0.000743
483 0.000742
484 0.000741
485 0.000740
486 0.000739
487 0.000738
488 0.000737
489 0.000736
490 0.000735
491 0.000734
492 0.000733
493 0.000732
494 0.000731
495 0.000729
496 0.000728
497 0.000727
498 0.000726
499 0.000725
500 0.000724
501 0.000723
502 0.000722
503 0.000721
504 0.000720
505 0.000719
506 0.000718
507 0.000718
508 0.000717
509 0.000716
510 0.000715
511 0.000714
512 0.000713
513 0.000712
514 0.000711
515 0.000710
516 0.000709
517 0.000708
518 0.000707
519 0.000706
520 0.000705
521 0.000704
522 0.000703
523 0.000702
524 0.000701
525 0.000700
526 0.000699
527 0.000698
528 0.000697
529 0.000696
530 0.000695
531 0.000694
532 0.000693
533 0.000693
534 0.000692
535 0.000691
536 0.000690
537 0.000689
538 0.000688
539 0.000687
540 0.000686
541 0.000685
542 0.000684
543 0.000683
544 0.000682
545 0.000682
546 0.000681
547 0.000680
548 0.000679
549 0.000678
550 0.000677
551 0.000676
552 0.000675
553 0.000674
554 0.000673
555 0.000672
556 0.000672
557 0.000671
558 0.000670
559 0.000669
560 0.000668
561 0.000667
562 0.000666
563 0.000665
564 0.000665
565 0.000664
566 0.000663
567 0.000662
568 0.000661
569 0.000660
570 0.000659
571 0.000658
572 0.000658
573 0.000657
574 0.000656
575 0.000655
576 0.000654
577 0.000653
578 0.000653
579 0.000652
580 0.000651
581 0.000650
582 0.000649
583 0.000648
584 0.000647
585 0.000647
586 0.000646
587 0.000645
588 0.000644
589 0.000643
590 0.000642
591 0.000642
592 0.000641
593 0.000640
594 0.000639
595 0.000638
596 0.000638
597 0.000637
598 0.000636
599 0.000635
600 0.000634
601 0.000633
602 0.000633
603 0.000632
604 0.000631
605 0.000630
606 0.000629
607 0.000629
608 0.000628
609 0.000627
610 0.000626
611 0.000626
612 0.000625
613 0.000624
614 0.000623
615 0.000622
616 0.000622
617 0.000621
618 0.000620
619 0.000619
620 0.000618
621 0.000618
622 0.000617
623 0.000616
624 0.000615
625 0.000615
626 0.000614
627 0.000613
628 0.000612
629 0.000612
630 0.000611
631 0.000610
632 0.000609
633 0.000609
634 0.000608
635 0.000607
636 0.000606
637 0.000606
638 0.000605
639 0.000604
640 0.000603
641 0.000603
642 0.000602
643 0.000601
644 0.000600
645 0.000600
646 0.000599
647 0.000598
648 0.000597
649 0.000597
650 0.000596
651 0.000595
652 0.000594
653 0.000594
654 0.000593
655 0.000592
656 0.000592
657 0.000591
658 0.000590
659 0.000589
660 0.000589
661 0.000588
662 0.000587
663 0.000587
664 0.000586
665 0.000585
666 0.000585
667 0.000584
668 0.000583
669 0.000582
670 0.000582
671 0.000581
672 0.000580
673 0.000580
674 0.000579
675 0.000578
676 0.000578
677 0.000577
678 0.000576
679 0.000576
680 0.000575
681 0.000574
682 0.000573
683 0.000573
684 0.000572
685 0.000571
686 0.000571
687 0.000570
688 0.000569
689 0.000569
690 0.000568
691 0.000567
692 0.000567
693 0.000566
694 0.000565
695 0.000565
696 0.000564
697 0.000563
698 0.000563
699 0.000562
700 0.000561
701 0.000561
702 0.000560
703 0.000560
704 0.000559
705 0.000558
706 0.000558
707 0.000557
708 0.000556
709 0.000556
710 0.000555
711 0.000554
712 0.000554
713 0.000553
714 0.000552
715 0.000552
716 0.000551
717 0.000551
718 0.000550
719 0.000549
720 0.000549
721 0.000548
722 0.000547
723 0.000547
724 0.000546
725 0.000546
726 0.000545
727 0.000544
728 0.000544
729 0.000543
730 0.000542
731 0.000542
732 0.000541
733 0.000541
734 0.000540
735 0.000539
736 0.000539
737 0.000538
738 0.000538
739 0.000537
740 0.000536
741 0.000536
742 0.000535
743 0.000535
744 0.000534
745 0.000533
746 0.000533
747 0.000532
748 0.000532
749 0.000531
750 0.000530
751 0.000530
752 0.000529
753 0.000529
754 0.000528
755 0.000528
756 0.000527
757 0.000526
758 0.000526
759 0.000525
760 0.000525
761 0.000524
762 0.000523
763 0.000523
764 0.000522
765 0.000522
766 0.000521
767 0.000521
768 0.000520
769 0.000519
770 0.000519
771 0.000518
772 0.000518
773 0.000517
774 0.000517
775 0.000516
776 0.000516
777 0.000515
778 0.000514
779 0.000514
780 0.000513
781 0.000513
782 0.000512
783 0.000512
784 0.000511
785 0.000511
786 0.000510
787 0.000509
788 0.000509
789 0.000508
790 0.000508
791 0.000507
792 0.000507
793 0.000506
794 0.000506
795 0.000505
796 0.000505
797 0.000504
798 0.000504
799 0.000503
800 0.000503
801 0.000502
802 0.000501
803 0.000501
804 0.000500
805 0.000500
806 0.000499
807 0.000499
808 0.000498
809 0.000498
810 0.000497
811 0.000497
812 0.000496
813 0.000496
814 0.000495
815 0.000495
816 0.000494
817 0.000494
818 0.000493
819 0.000493
820 0.000492
821 0.000492
822 0.000491
823 0.000491
824 0.000490
825 0.000490
826 0.000489
827 0.000489
828 0.000488
829 0.000488
830 0.000487
831 0.000487
832 0.000486
833 0.000486
834 0.000485
835 0.000485
836 0.000484
837 0.000484
838 0.000483
839 0.000483
840 0.000482
841 0.000482
842 0.000481
843 0.000481
844 0.000480
845 0.000480
846 0.000479
847 0.000479
848 0.000478
849 0.000478
850 0.000477
851 0.000477
852 0.000476
853 0.000476
854 0.000475
855 0.000475
856 0.000475
857 0.000474
858 0.000474
859 0.000473
860 0.000473
861 0.000472
862 0.000472
863 0.000471
864 0.000471
865 0.000470
866 0.000470
867 0.000469
868 0.000469
869 0.000469
870 0.000468
871 0.000468
872 0.000467
873 0.000467
874 0.000466
875 0.000466
876 0.000465
877 0.000465
878 0.000464
879 0.000464
880 0.000464
881 0.000463
882 0.000463
883 0.000462
884 0.000462
885 0.000461
886 0.000461
887 0.000460
888 0.000460
889 0.000460
890 0.000459
891 0.000459
892 0.000458
893 0.000458
894 0.000457
895 0.000457
896 0.000457
897 0.000456
898 0.000456
899 0.000455
900 0.000455
901 0.000454
902 0.000454
903 0.000454
904 0.000453
905 0.000453
906 0.000452
907 0.000452
908 0.000451
909 0.000451
910 0.000451
911 0.000450
912 0.000450
913 0.000449
914 0.000449
915 0.000448
916 0.000448
917 0.000448
918 0.000447
919 0.000447
920 0.000446
921 0.000446
922 0.000446
923 0.000445
924 0.000445
925 0.000444
926 0.000444
927 0.000444
928 0.000443
929 0.000443
930 0.000442
931 0.000442
932 0.000442
933 0.000441
934 0.000441
935 0.000440
936 0.000440
937 0.000440
938 0.000439
939 0.000439
940 0.000438
941 0.000438
942 0.000438
943 0.000437
944 0.000437
945 0.000436
946 0.000436
947 0.000436
948 0.000435
949 0.000435
950 0.000435
951 0.000434
952 0.000434
953 0.000433
954 0.000433
955 0.000433
956 0.000432
957 0.000432
958 0.000431
959 0.000431
960 0.000431
961 0.000430
962 0.000430
963 0.000430
964 0.000429
965 0.000429
966 0.000428
967 0.000428
968 0.000428
969 0.000427
970 0.000427
971 0.000427
972 0.000426
973 0.000426
974 0.000426
975 0.000425
976 0.000425
977 0.000424
978 0.000424
979 0.000424
980 0.000423
981 0.000423
982 0.000423
983 0.000422
984 0.000422
985 0.000422
986 0.000421
987 0.000421
988 0.000421
989 0.000420
990 0.000420
991 0.000419
992 0.000419
993 0.000419
994 0.000418
995 0.000418
996 0.000418
997 0.000417
998 0.000417
999 0.000417
1000 0.000416
1001 0.000416
1002 0.000416
1003 0.000415
1004 0.000415
1005 0.000415
1006 0.000414
1007 0.000414
1008 0.000414
1009 0.000413
1010 0.000413
1011 0.000413
1012 0.000412
1013 0.000412
1014 0.000412
1015 0.000411
1016 0.000411
1017 0.000411
1018 0.000410
1019 0.000410
1020 0.000410
1021 0.000409
1022 0.000409
1023 0.000409
1024 0.000408
1025 0.000408
1026 0.000408
1027 0.000407
1028 0.000407
1029 0.000407
1030 0.000406
1031 0.000406
1032 0.000406
1033 0.000405
1034 0.000405
1035 0.000405
1036 0.000404
1037 0.000404
1038 0.000404
1039 0.000403
1040 0.000403
1041 0.000403
1042 0.000403
1043 0.000402
1044 0.000402
1045 0.000402
1046 0.000401
1047 0.000401
1048 0.000401
1049 0.000400
1050 0.000400
1051 0.000400
1052 0.000399
1053 0.000399
1054 0.000399
1055 0.000398
1056 0.000398
1057 0.000398
1058 0.000398
1059 0.000397
1060 0.000397
1061 0.000397
1062 0.000396
1063 0.000396
1064 0.000396
1065 0.000395
1066 0.000395
1067 0.000395
1068 0.000395
1069 0.000394
1070 0.000394
1071 0.000394
1072 0.000393
1073 0.000393
1074 0.000393
1075 0.000392
1076 0.000392
1077 0.000392
1078 0.000392
1079 0.000391
1080 0.000391
1081 0.000391
1082 0.000390
1083 0.000390
1084 0.000390
1085 0.000390
1086 0.000389
1087 0.000389
1088 0.000389
1089 0.000388
1090 0.000388
1091 0.000388
1092 0.000388
1093 0.000387
1094 0.000387
1095 0.000387
1096 0.000386
1097 0.000386
1098 0.000386
1099 0.000386
1100 0.000385
1101 0.000385
1102 0.000385
1103 0.000384
1104 0.000384
1105 0.000384
1106 0.000384
1107 0.000383
1108 0.000383
1109 0.000383
1110 0.000383
1111 0.000382
1112 0.000382
1113 0.000382
1114 0.000381
1115 0.000381
1116 0.000381
1117 0.000381
1118 0.000380
1119 0.000380
1120 0.000380
1121 0.000380
1122 0.000379
1123 0.000379
1124 0.000379
1125 0.000379
1126 0.000378
1127 0.000378
1128 0.000378
1129 0.000377
1130 0.000377
1131 0.000377
1132 0.000377
1133 0.000376
1134 0.000376
1135 0.000376
1136 0.000376
1137 0.000375
1138 0.000375
1139 0.000375
1140 0.000375
1141 0.000374
1142 0.000374
1143 0.000374
1144 0.000374
1145 0.000373
1146 0.000373
1147 0.000373
1148 0.000373
1149 0.000372
1150 0.000372
1151 0.000372
1152 0.000372
1153 0.000371
1154 0.000371
1155 0.000371
1156 0.000371
1157 0.000370
1158 0.000370
1159 0.000370
1160 0.000370
1161 0.000369
1162 0.000369
1163 0.000369
1164 0.000369
1165 0.000368
1166 0.000368
1167 0.000368
1168 0.000368
1169 0.000367
1170 0.000367
1171 0.000367
1172 0.000367
1173 0.000366
1174 0.000366
1175 0.000366
1176 0.000366
1177 0.000365
1178 0.000365
1179 0.000365
1180 0.000365
1181 0.000364
1182 0.000364
1183 0.000364
1184 0.000364
1185 0.000364
1186 0.000363
1187 0.000363
1188 0.000363
1189 0.000363
1190 0.000362
1191 0.000362
1192 0.000362
1193 0.000362
1194 0.000361
1195 0.000361
1196 0.000361
1197 0.000361
1198 0.000360
1199 0.000360
1200 0.000360
1201 0.000360
1202 0.000360
1203 0.000359
1204 0.000359
1205 0.000359
1206 0.000359
1207 0.000358
1208 0.000358
1209 0.000358
1210 0.000358
1211 0.000357
1212 0.000357
1213 0.000357
1214 0.000357
1215 0.000357
1216 0.000356
1217 0.000356
1218 0.000356
1219 0.000356
1220 0.000355
1221 0.000355
1222 0.000355
1223 0.000355
1224 0.000355
1225 0.000354
1226 0.000354
1227 0.000354
1228 0.000354
1229 0.000353
1230 0.000353
1231 0.000353
1232 0.000353
1233 0.000353
1234 0.000352
1235 0.000352
1236 0.000352
1237 0.000352
1238 0.000351
1239 0.000351
1240 0.000351
1241 0.000351
1242 0.000351
1243 0.000350
1244 0.000350
1245 0.000350
1246 0.000350
1247 0.000350
1248 0.000349
1249 0.000349
1250 0.000349
1251 0.000349
1252 0.000348
1253 0.000348
1254 0.000348
1255 0.000348
1256 0.000348
1257 0.000347
1258 0.000347
1259 0.000347
1260 0.000347
1261 0.000347
1262 0.000346
1263 0.000346
1264 0.000346
1265 0.000346
1266 0.000346
1267 0.000345
1268 0.000345
1269 0.000345
1270 0.000345
1271 0.000345
1272 0.000344
1273 0.000344
1274 0.000344
1275 0.000344
1276 0.000343
1277 0.000343
1278 0.000343
1279 0.000343
1280 0.000343
1281 0.000342
1282 0.000342
1283 0.000342
1284 0.000342
1285 0.000342
1286 0.000341
1287 0.000341
1288 0.000341
1289 0.000341
1290 0.000341
1291 0.000340
1292 0.000340
1293 0.000340
1294 0.000340
1295 0.000340
1296 0.000339
1297 0.000339
1298 0.000339
1299 0.000339
1300 0.000339
1301 0.000338
1302 0.000338
1303 0.000338
1304 0.000338
1305 0.000338
1306 0.000337
1307 0.000337
1308 0.000337
1309 0.000337
1310 0.000337
1311 0.000336
1312 0.000336
1313 0.000336
1314 0.000336
1315 0.000336
1316 0.000336
1317 0.000335
1318 0.000335
1319 0.000335
1320 0.000335
1321 0.000335
1322 0.000334
1323 0.000334
1324 0.000334
1325 0.000334
1326 0.000334
1327 0.000333
1328 0.000333
1329 0.000333
1330 0.000333
1331 0.000333
1332 0.000332
1333 0.000332
1334 0.000332
1335 0.000332
1336 0.000332
1337 0.000331
1338 0.000331
1339 0.000331
1340 0.000331
1341 0.000331
1342 0.000331
1343 0.000330
1344 0.000330
1345 0.000330
1346 0.000330
1347 0.000330
1348 0.000329
1349 0.000329
1350 0.000329
1351 0.000329
1352 0.000329
1353 0.000328
1354 0.000328
1355 0.000328
1356 0.000328
1357 0.000328
1358 0.000328
1359 0.000327
1360 0.000327
1361 0.000327
1362 0.000327
1363 0.000327
1364 0.000326
1365 0.000326
1366 0.000326
1367 0.000326
1368 0.000326
1369 0.000326
1370 0.000325
1371 0.000325
1372 0.000325
1373 0.000325
1374 0.000325
1375 0.000324
1376 0.000324
1377 0.000324
1378 0.000324
1379 0.000324
1380 0.000324
1381 0.000323
1382 0.000323
1383 0.000323
1384 0.000323
1385 0.000323
1386 0.000322
1387 0.000322
1388 0.000322
1389 0.000322
1390 0.000322
1391 0.000322
1392 0.000321
1393 0.000321
1394 0.000321
1395 0.000321
1396 0.000321
1397 0.000321
1398 0.000320
1399 0.000320
1400 0.000320
1401 0.000320
1402 0.000320
1403 0.000319
1404 0.000319
1405 0.000319
1406 0.000319
1407 0.000319
1408 0.000319
1409 0.000318
1410 0.000318
1411 0.000318
1412 0.000318
1413 0.000318
1414 0.000318
1415 0.000317
1416 0.000317
1417 0.000317
1418 0.000317
1419 0.000317
1420 0.000316
1421 0.000316
1422 0.000316
1423 0.000316
1424 0.000316
1425 0.000316
1426 0.000315
1427 0.000315
1428 0.000315
1429 0.000315
1430 0.000315
1431 0.000315
1432 0.000314
1433 0.000314
1434 0.000314
1435 0.000314
1436 0.000314
1437 0.000314
1438 0.000313
1439 0.000313
1440 0.000313
1441 0.000313
1442 0.000313
1443 0.000313
1444 0.000312
1445 0.000312
1446 0.000312
1447 0.000312
1448 0.000312
1449 0.000312
1450 0.000311
1451 0.000311
1452 0.000311
1453 0.000311
1454 0.000311
1455 0.000311
1456 0.000310
1457 0.000310
1458 0.000310
1459 0.000310
1460 0.000310
1461 0.000310
1462 0.000309
1463 0.000309
1464 0.000309
1465 0.000309
1466 0.000309
1467 0.000309
1468 0.000308
1469 0.000308
1470 0.000308
1471 0.000308
1472 0.000308
1473 0.000308
1474 0.000307
1475 0.000307
1476 0.000307
1477 0.000307
1478 0.000307
1479 0.000307
1480 0.000306
1481 0.000306
1482 0.000306
1483 0.000306
1484 0.000306
1485 0.000306
1486 0.000305
1487 0.000305
1488 0.000305
1489 0.000305
1490 0.000305
1491 0.000305
1492 0.000304
1493 0.000304
1494 0.000304
1495 0.000304
1496 0.000304
1497 0.000304
1498 0.000303
1499 0.000303
1500 0.000303
1501 0.000303
1502 0.000303
1503 0.000303
1504 0.000302
1505 0.000302
1506 0.000302
1507 0.000302
1508 0.000302
1509 0.000302
1510 0.000301
1511 0.000301
1512 0.000301
1513 0.000301
1514 0.000301
1515 0.000301
1516 0.000301
1517 0.000300
1518 0.000300
1519 0.000300
1520 0.000300
1521 0.000300
1522 0.000300
1523 0.000299
1524 0.000299
1525 0.000299
1526 0.000299
1527 0.000299
1528 0.000299
1529 0.000298
1530 0.000298
1531 0.000298
1532 0.000298
1533 0.000298
1534 0.000298
1535 0.000298
1536 0.000297
1537 0.000297
1538 0.000297
1539 0.000297
1540 0.000297
1541 0.000297
1542 0.000296
1543 0.000296
1544 0.000296
1545 0.000296
1546 0.000296
1547 0.000296
1548 0.000295
1549 0.000295
1550 0.000295
1551 0.000295
1552 0.000295
1553 0.000295
1554 0.000295
1555 0.000294
1556 0.000294
1557 0.000294
1558 0.000294
1559 0.000294
1560 0.000294
1561 0.000293
1562 0.000293
1563 0.000293
1564 0.000293
1565 0.000293
1566 0.000293
1567 0.000293
1568 0.000292
1569 0.000292
1570 0.000292
1571 0.000292
1572 0.000292
1573 0.000292
1574 0.000291
1575 0.000291
1576 0.000291
1577 0.000291
1578 0.000291
1579 0.000291
1580 0.000291
1581 0.000290
1582 0.000290
1583 0.000290
1584 0.000290
1585 0.000290
1586 0.000290
1587 0.000289
1588 0.000289
1589 0.000289
1590 0.000289
1591 0.000289
1592 0.000289
1593 0.000289
1594 0.000288
1595 0.000288
1596 0.000288
1597 0.000288
1598 0.000288
1599 0.000288
1600 0.000288
1601 0.000287
1602 0.000287
1603 0.000287
1604 0.000287
1605 0.000287
1606 0.000287
1607 0.000286
1608 0.000286
1609 0.000286
1610 0.000286
1611 0.000286
1612 0.000286
1613 0.000286
1614 0.000285
1615 0.000285
1616 0.000285
1617 0.000285
1618 0.000285
1619 0.000285
1620 0.000285
1621 0.000284
1622 0.000284
1623 0.000284
1624 0.000284
1625 0.000284
1626 0.000284
1627 0.000283
1628 0.000283
1629 0.000283
1630 0.000283
1631 0.000283
1632 0.000283
1633 0.000283
1634 0.000282
1635 0.000282
1636 0.000282
1637 0.000282
1638 0.000282
1639 0.000282
1640 0.000282
1641 0.000281
1642 0.000281
1643 0.000281
1644 0.000281
1645 0.000281
1646 0.000281
1647 0.000281
1648 0.000280
1649 0.000280
1650 0.000280
1651 0.000280
1652 0.000280
1653 0.000280
1654 0.000280
1655 0.000279
1656 0.000279
1657 0.000279
1658 0.000279
1659 0.000279
1660 0.000279
1661 0.000279
1662 0.000278
1663 0.000278
1664 0.000278
1665 0.000278
1666 0.000278
1667 0.000278
1668 0.000278
1669 0.000277
1670 0.000277
1671 0.000277
1672 0.000277
1673 0.000277
1674 0.000277
1675 0.000277
1676 0.000276
1677 0.000276
1678 0.000276
1679 0.000276
1680 0.000276
1681 0.000276
1682 0.000276
1683 0.000275
1684 0.000275
1685 0.000275
1686 0.000275
1687 0.000275
1688 0.000275
1689 0.000275
1690 0.000274
1691 0.000274
1692 0.000274
1693 0.000274
1694 0.000274
1695 0.000274
1696 0.000274
1697 0.000273
1698 0.000273
1699 0.000273
1700 0.000273
1701 0.000273
1702 0.000273
1703 0.000273
1704 0.000272
1705 0.000272
1706 0.000272
1707 0.000272
1708 0.000272
1709 0.000272
1710 0.000272
1711 0.000271
1712 0.000271
1713 0.000271
1714 0.000271
1715 0.000271
1716 0.000271
1717 0.000271
1718 0.000270
1719 0.000270
1720 0.000270
1721 0.000270
1722 0.000270
1723 0.000270
1724 0.000270
1725 0.000269
1726 0.000269
1727 0.000269
1728 0.000269
1729 0.000269
1730 0.000269
1731 0.000269
1732 0.000269
1733 0.000268
1734 0.000268
1735 0.000268
1736 0.000268
1737 0.000268
1738 0.000268
1739 0.000268
1740 0.000267
1741 0.000267
1742 0.000267
1743 0.000267
1744 0.000267
1745 0.000267
1746 0.000267
1747 0.000266
1748 0.000266
1749 0.000266
1750 0.000266
1751 0.000266
1752 0.000266
1753 0.000266
1754 0.000265
1755 0.000265
1756 0.000265
1757 0.000265
1758 0.000265
1759 0.000265
1760 0.000265
1761 0.000265
1762 0.000264
1763 0.000264
1764 0.000264
1765 0.000264
1766 0.000264
1767 0.000264
1768 0.000264
1769 0.000263
1770 0.000263
1771 0.000263
1772 0.000263
1773 0.000263
1774 0.000263
1775 0.000263
1776 0.000263
1777 0.000262
1778 0.000262
1779 0.000262
1780 0.000262
1781 0.000262
1782 0.000262
1783 0.000262
1784 0.000261
1785 0.000261
1786 0.000261
1787 0.000261
1788 0.000261
1789 0.000261
1790 0.000261
1791 0.000261
1792 0.000260
1793 0.000260
1794 0.000260
1795 0.000260
1796 0.000260
1797 0.000260
1798 0.000260
1799 0.000259
1800 0.000259
1801 0.000259
1802 0.000259
1803 0.000259
1804 0.000259
1805 0.000259
1806 0.000259
1807 0.000258
1808 0.000258
1809 0.000258
1810 0.000258
1811 0.000258
1812 0.000258
1813 0.000258
1814 0.000257
1815 0.000257
1816 0.000257
1817 0.000257
1818 0.000257
1819 0.000257
1820 0.000257
1821 0.000257
1822 0.000256
1823 0.000256
1824 0.000256
1825 0.000256
1826 0.000256
1827 0.000256
1828 0.000256
1829 0.000255
1830 0.000255
1831 0.000255
1832 0.000255
1833 0.000255
1834 0.000255
1835 0.000255
1836 0.000255
1837 0.000254
1838 0.000254
1839 0.000254
1840 0.000254
1841 0.000254
1842 0.000254
1843 0.000254
1844 0.000254
1845 0.000253
1846 0.000253
1847 0.000253
1848 0.000253
1849 0.000253
1850 0.000253
1851 0.000253
1852 0.000253
1853 0.000252
1854 0.000252
1855 0.000252
1856 0.000252
1857 0.000252
1858 0.000252
1859 0.000252
1860 0.000251
1861 0.000251
1862 0.000251
1863 0.000251
1864 0.000251
1865 0.000251
1866 0.000251
1867 0.000251
1868 0.000250
1869 0.000250
1870 0.000250
1871 0.000250
1872 0.000250
1873 0.000250
1874 0.000250
1875 0.000250
1876 0.000249
1877 0.000249
1878 0.000249
1879 0.000249
1880 0.000249
1881 0.000249
1882 0.000249
1883 0.000249
1884 0.000248
1885 0.000248
1886 0.000248
1887 0.000248
1888 0.000248
1889 0.000248
1890 0.000248
1891 0.000248
1892 0.000247
1893 0.000247
1894 0.000247
1895 0.000247
1896 0.000247
1897 0.000247
1898 0.000247
1899 0.000247
1900 0.000246
1901 0.000246
1902 0.000246
1903 0.000246
1904 0.000246
1905 0.000246
1906 0.000246
1907 0.000246
1908 0.000245
1909 0.000245
1910 0.000245
1911 0.000245
1912 0.000245
1913 0.000245
1914 0.000245
1915 0.000245
1916 0.000244
1917 0.000244
1918 0.000244
1919 0.000244
1920 0.000244
1921 0.000244
1922 0.000244
1923 0.000244
1924 0.000243
1925 0.000243
1926 0.000243
1927 0.000243
1928 0.000243
1929 0.000243
1930 0.000243
1931 0.000243
1932 0.000242
1933 0.000242
1934 0.000242
1935 0.000242
1936 0.000242
1937 0.000242
1938 0.000242
1939 0.000242
1940 0.000241
1941 0.000241
1942 0.000241
1943 0.000241
1944 0.000241
1945 0.000241
1946 0.000241
1947 0.000241
1948 0.000240
1949 0.000240
1950 0.000240
1951 0.000240
1952 0.000240
1953 0.000240
1954 0.000240
1955 0.000240
1956 0.000240
1957 0.000239
1958 0.000239
1959 0.000239
1960 0.000239
1961 0.000239
1962 0.000239
1963 0.000239
1964 0.000239
1965 0.000238
1966 0.000238
1967 0.000238
1968 0.000238
1969 0.000238
1970 0.000238
1971 0.000238
1972 0.000238
1973 0.000237
1974 0.000237
1975 0.000237
1976 0.000237
1977 0.000237
1978 0.000237
1979 0.000237
1980 0.000237
1981 0.000236
1982 0.000236
1983 0.000236
1984 0.000236
1985 0.000236
1986 0.000236
1987 0.000236
1988 0.000236
1989 0.000236
1990 0.000235
1991 0.000235
1992 0.000235
1993 0.000235
1994 0.000235
1995 0.000235
1996 0.000235
1997 0.000235
1998 0.000234
1999 0.000234
2000 0.000234
2001 0.000234
2002 0.000234
2003 0.000234
2004 0.000234
2005 0.000234
2006 0.000234
2007 0.000233
2008 0.000233
2009 0.000233
2010 0.000233
2011 0.000233
2012 0.000233
2013 0.000233
2014 0.000233
2015 0.000232
2016 0.000232
2017 0.000232
2018 0.000232
2019 0.000232
2020 0.000232
2021 0.000232
2022 0.000232
2023 0.000232
2024 0.000231
2025 0.000231
2026 0.000231
2027 0.000231
2028 0.000231
2029 0.000231
2030 0.000231
2031 0.000231
2032 0.000230
2033 0.000230
2034 0.000230
2035 0.000230
2036 0.000230
2037 0.000230
2038 0.000230
2039 0.000230
2040 0.000230
2041 0.000229
2042 0.000229
2043 0.000229
2044 0.000229
2045 0.000229
2046 0.000229
2047 0.000229
2048 0.000229
2049 0.000229
2050 0.000228
2051 0.000228
2052 0.000228
2053 0.000228
2054 0.000228
2055 0.000228
2056 0.000228
2057 0.000228
2058 0.000227
2059 0.000227
2060 0.000227
2061 0.000227
2062 0.000227
2063 0.000227
2064 0.000227
2065 0.000227
2066 0.000227
2067 0.000226
2068 0.000226
2069 0.000226
2070 0.000226
2071 0.000226
2072 0.000226
2073 0.000226
2074 0.000226
2075 0.000226
2076 0.000225
2077 0.000225
2078 0.000225
2079 0.000225
2080 0.000225
2081 0.000225
2082 0.000225
2083 0.000225
2084 0.000225
2085 0.000224
2086 0.000224
2087 0.000224
2088 0.000224
2089 0.000224
2090 0.000224
2091 0.000224
2092 0.000224
2093 0.000223
2094 0.000223
2095 0.000223
2096 0.000223
2097 0.000223
2098 0.000223
2099 0.000223
2100 0.000223
2101 0.000223
2102 0.000222
2103 0.000222
2104 0.000222
2105 0.000222
2106 0.000222
2107 0.000222
2108 0.000222
2109 0.000222
2110 0.000222
2111 0.000221
2112 0.000221
2113 0.000221
2114 0.000221
2115 0.000221
2116 0.000221
2117 0.000221
2118 0.000221
2119 0.000221
2120 0.000220
2121 0.000220
2122 0.000220
2123 0.000220
2124 0.000220
2125 0.000220
2126 0.000220
2127 0.000220
2128 0.000220
2129 0.000219
2130 0.000219
2131 0.000219
2132 0.000219
2133 0.000219
2134 0.000219
2135 0.000219
2136 0.000219
2137 0.000219
2138 0.000218
2139 0.000218
2140 0.000218
2141 0.000218
2142 0.000218
2143 0.000218
2144 0.000218
2145 0.000218
2146 0.000218
2147 0.000217
2148 0.000217
2149 0.000217
2150 0.000217
2151 0.000217
2152 0.000217
2153 0.000217
2154 0.000217
2155 0.000217
2156 0.000217
2157 0.000216
2158 0.000216
2159 0.000216
2160 0.000216
2161 0.000216
2162 0.000216
2163 0.000216
2164 0.000216
2165 0.000216
2166 0.000215
2167 0.000215
2168 0.000215
2169 0.000215
2170 0.000215
2171 0.000215
2172 0.000215
2173 0.000215
2174 0.000215
2175 0.000214
2176 0.000214
2177 0.000214
2178 0.000214
2179 0.000214
2180 0.000214
2181 0.000214
2182 0.000214
2183 0.000214
2184 0.000213
2185 0.000213
2186 0.000213
2187 0.000213
2188 0.000213
2189 0.000213
2190 0.000213
2191 0.000213
2192 0.000213
2193 0.000213
2194 0.000212
2195 0.000212
2196 0.000212
2197 0.000212
2198 0.000212
2199 0.000212
2200 0.000212
2201 0.000212
2202 0.000212
2203 0.000211
2204 0.000211
2205 0.000211
2206 0.000211
2207 0.000211
2208 0.000211
2209 0.000211
2210 0.000211
2211 0.000211
2212 0.000211
2213 0.000210
2214 0.000210
2215 0.000210
2216 0.000210
2217 0.000210
2218 0.000210
2219 0.000210
2220 0.000210
2221 0.000210
2222 0.000209
2223 0.000209
2224 0.000209
2225 0.000209
2226 0.000209
2227 0.000209
2228 0.000209
2229 0.000209
2230 0.000209
2231 0.000209
2232 0.000208
2233 0.000208
2234 0.000208
2235 0.000208
2236 0.000208
2237 0.000208
2238 0.000208
2239 0.000208
2240 0.000208
2241 0.000207
2242 0.000207
2243 0.000207
2244 0.000207
2245 0.000207
2246 0.000207
2247 0.000207
2248 0.000207
2249 0.000207
2250 0.000207
2251 0.000206
2252 0.000206
2253 0.000206
2254 0.000206
2255 0.000206
2256 0.000206
2257 0.000206
2258 0.000206
2259 0.000206
2260 0.000206
2261 0.000205
2262 0.000205
2263 0.000205
2264 0.000205
2265 0.000205
2266 0.000205
2267 0.000205
2268 0.000205
2269 0.000205
2270 0.000204
2271 0.000204
2272 0.000204
2273 0.000204
2274 0.000204
2275 0.000204
2276 0.000204
2277 0.000204
2278 0.000204
2279 0.000204
2280 0.000203
2281 0.000203
2282 0.000203
2283 0.000203
2284 0.000203
2285 0.000203
2286 0.000203
2287 0.000203
2288 0.000203
2289 0.000203
2290 0.000202
2291 0.000202
2292 0.000202
2293 0.000202
2294 0.000202
2295 0.000202
2296 0.000202
2297 0.000202
2298 0.000202
2299 0.000202
2300 0.000201
2301 0.000201
2302 0.000201
2303 0.000201
2304 0.000201
2305 0.000201
2306 0.000201
2307 0.000201
2308 0.000201
2309 0.000201
2310 0.000200
2311 0.000200
2312 0.000200
2313 0.000200
2314 0.000200
2315 0.000200
2316 0.000200
2317 0.000200
2318 0.000200
2319 0.000200
2320 0.000199
2321 0.000199
2322 0.000199
2323 0.000199
2324 0.000199
2325 0.000199
2326 0.000199
2327 0.000199
2328 0.000199
2329 0.000199
2330 0.000198
2331 0.000198
2332 0.000198
2333 0.000198
2334 0.000198
2335 0.000198
2336 0.000198
2337 0.000198
2338 0.000198
2339 0.000198
2340 0.000197
2341 0.000197
2342 0.000197
2343 0.000197
2344 0.000197
2345 0.000197
2346 0.000197
2347 0.000197
2348 0.000197
2349 0.000197
2350 0.000196
2351 0.000196
2352 0.000196
2353 0.000196
2354 0.000196
2355 0.000196
2356 0.000196
2357 0.000196
2358 0.000196
2359 0.000196
2360 0.000195
2361 0.000195
2362 0.000195
2363 0.000195
2364 0.000195
2365 0.000195
2366 0.000195
2367 0.000195
2368 0.000195
2369 0.000195
2370 0.000195
2371 0.000194
2372 0.000194
2373 0.000194
2374 0.000194
2375 0.000194
2376 0.000194
2377 0.000194
2378 0.000194
2379 0.000194
2380 0.000194
2381 0.000193
2382 0.000193
2383 0.000193
2384 0.000193
2385 0.000193
2386 0.000193
2387 0.000193
2388 0.000193
2389 0.000193
2390 0.000193
2391 0.000192
2392 0.000192
2393 0.000192
2394 0.000192
2395 0.000192
2396 0.000192
2397 0.000192
2398 0.000192
2399 0.000192
2400 0.000192
2401 0.000192
2402 0.000191
2403 0.000191
2404 0.000191
2405 0.000191
2406 0.000191
2407 0.000191
2408 0.000191
2409 0.000191
2410 0.000191
2411 0.000191
2412 0.000190
2413 0.000190
2414 0.000190
2415 0.000190
2416 0.000190
2417 0.000190
2418 0.000190
2419 0.000190
2420 0.000190
2421 0.000190
2422 0.000190
2423 0.000189
2424 0.000189
2425 0.000189
2426 0.000189
2427 0.000189
2428 0.000189
2429 0.000189
2430 0.000189
2431 0.000189
2432 0.000189
2433 0.000188
2434 0.000188
2435 0.000188
2436 0.000188
2437 0.000188
2438 0.000188
2439 0.000188
2440 0.000188
2441 0.000188
2442 0.000188
2443 0.000188
2444 0.000187
2445 0.000187
2446 0.000187
2447 0.000187
2448 0.000187
2449 0.000187
2450 0.000187
2451 0.000187
2452 0.000187
2453 0.000187
2454 0.000187
2455 0.000186
2456 0.000186
2457 0.000186
2458 0.000186
2459 0.000186
2460 0.000186
2461 0.000186
2462 0.000186
2463 0.000186
2464 0.000186
2465 0.000186
2466 0.000185
2467 0.000185
2468 0.000185
2469 0.000185
2470 0.000185
2471 0.000185
2472 0.000185
2473 0.000185
2474 0.000185
2475 0.000185
2476 0.000185
2477 0.000184
2478 0.000184
2479 0.000184
2480 0.000184
2481 0.000184
2482 0.000184
2483 0.000184
2484 0.000184
2485 0.000184
2486 0.000184
2487 0.000183
2488 0.000183
2489 0.000183
2490 0.000183
2491 0.000183
2492 0.000183
2493 0.000183
2494 0.000183
2495 0.000183
2496 0.000183
2497 0.000183
2498 0.000182
2499 0.000182
2500 0.000182
2501 0.000182
2502 0.000182
2503 0.000182
2504 0.000182
2505 0.000182
2506 0.000182
2507 0.000182
2508 0.000182
2509 0.000182
2510 0.000181
2511 0.000181
2512 0.000181
2513 0.000181
2514 0.000181
2515 0.000181
2516 0.000181
2517 0.000181
2518 0.000181
2519 0.000181
2520 0.000181
2521 0.000180
2522 0.000180
2523 0.000180
2524 0.000180
2525 0.000180
2526 0.000180
2527 0.000180
2528 0.000180
2529 0.000180
2530 0.000180
2531 0.000180
2532 0.000179
2533 0.000179
2534 0.000179
2535 0.000179
2536 0.000179
2537 0.000179
2538 0.000179
2539 0.000179
2540 0.000179
2541 0.000179
2542 0.000179
2543 0.000178
2544 0.000178
2545 0.000178
2546 0.000178
2547 0.000178
2548 0.000178
2549 0.000178
2550 0.000178
2551 0.000178
2552 0.000178
2553 0.000178
2554 0.000177
2555 0.000177
2556 0.000177
2557 0.000177
2558 0.000177
2559 0.000177
2560 0.000177
2561 0.000177
2562 0.000177
2563 0.000177
2564 0.000177
2565 0.000177
2566 0.000176
2567 0.000176
2568 0.000176
2569 0.000176
2570 0.000176
2571 0.000176
2572 0.000176
2573 0.000176
2574 0.000176
2575 0.000176
2576 0.000176
2577 0.000175
2578 0.000175
2579 0.000175
2580 0.000175
2581 0.000175
2582 0.000175
2583 0.000175
2584 0.000175
2585 0.000175
2586 0.000175
2587 0.000175
2588 0.000175
2589 0.000174
2590 0.000174
2591 0.000174
2592 0.000174
2593 0.000174
2594 0.000174
2595 0.000174
2596 0.000174
2597 0.000174
2598 0.000174
2599 0.000174
2600 0.000173
2601 0.000173
2602 0.000173
2603 0.000173
2604 0.000173
2605 0.000173
2606 0.000173
2607 0.000173
2608 0.000173
2609 0.000173
2610 0.000173
2611 0.000173
2612 0.000172
2613 0.000172
2614 0.000172
2615 0.000172
2616 0.000172
2617 0.000172
2618 0.000172
2619 0.000172
2620 0.000172
2621 0.000172
2622 0.000172
2623 0.000172
2624 0.000171
2625 0.000171
2626 0.000171
2627 0.000171
2628 0.000171
2629 0.000171
2630 0.000171
2631 0.000171
2632 0.000171
2633 0.000171
2634 0.000171
2635 0.000171
2636 0.000170
2637 0.000170
2638 0.000170
2639 0.000170
2640 0.000170
2641 0.000170
2642 0.000170
2643 0.000170
2644 0.000170
2645 0.000170
2646 0.000170
2647 0.000170
2648 0.000169
2649 0.000169
2650 0.000169
2651 0.000169
2652 0.000169
2653 0.000169
2654 0.000169
2655 0.000169
2656 0.000169
2657 0.000169
2658 0.000169
2659 0.000168
2660 0.000168
2661 0.000168
2662 0.000168
2663 0.000168
2664 0.000168
2665 0.000168
2666 0.000168
2667 0.000168
2668 0.000168
2669 0.000168
2670 0.000168
2671 0.000167
2672 0.000167
2673 0.000167
2674 0.000167
2675 0.000167
2676 0.000167
2677 0.000167
2678 0.000167
2679 0.000167
2680 0.000167
2681 0.000167
2682 0.000167
2683 0.000167
2684 0.000166
2685 0.000166
2686 0.000166
2687 0.000166
2688 0.000166
2689 0.000166
2690 0.000166
2691 0.000166
2692 0.000166
2693 0.000166
2694 0.000166
2695 0.000166
2696 0.000165
2697 0.000165
2698 0.000165
2699 0.000165
2700 0.000165
2701 0.000165
2702 0.000165
2703 0.000165
2704 0.000165
2705 0.000165
2706 0.000165
2707 0.000165
2708 0.000164
2709 0.000164
2710 0.000164
2711 0.000164
2712 0.000164
2713 0.000164
2714 0.000164
2715 0.000164
2716 0.000164
2717 0.000164
2718 0.000164
2719 0.000164
2720 0.000163
2721 0.000163
2722 0.000163
2723 0.000163
2724 0.000163
2725 0.000163
2726 0.000163
2727 0.000163
2728 0.000163
2729 0.000163
2730 0.000163
2731 0.000163
2732 0.000163
2733 0.000162
2734 0.000162
2735 0.000162
2736 0.000162
2737 0.000162
2738 0.000162
2739 0.000162
2740 0.000162
2741 0.000162
2742 0.000162
2743 0.000162
2744 0.000162
2745 0.000161
2746 0.000161
2747 0.000161
2748 0.000161
2749 0.000161
2750 0.000161
2751 0.000161
2752 0.000161
2753 0.000161
2754 0.000161
2755 0.000161
2756 0.000161
2757 0.000161
2758 0.000160
2759 0.000160
2760 0.000160
2761 0.000160
2762 0.000160
2763 0.000160
2764 0.000160
2765 0.000160
2766 0.000160
2767 0.000160
2768 0.000160
2769 0.000160
2770 0.000160
2771 0.000159
2772 0.000159
2773 0.000159
2774 0.000159
2775 0.000159
2776 0.000159
2777 0.000159
2778 0.000159
2779 0.000159
2780 0.000159
2781 0.000159
2782 0.000159
2783 0.000158
2784 0.000158
2785 0.000158
2786 0.000158
2787 0.000158
2788 0.000158
2789 0.000158
2790 0.000158
2791 0.000158
2792 0.000158
2793 0.000158
2794 0.000158
2795 0.000158
2796 0.000157
2797 0.000157
2798 0.000157
2799 0.000157
2800 0.000157
2801 0.000157
2802 0.000157
2803 0.000157
2804 0.000157
2805 0.000157
2806 0.000157
2807 0.000157
2808 0.000157
2809 0.000156
2810 0.000156
2811 0.000156
2812 0.000156
2813 0.000156
2814 0.000156
2815 0.000156
2816 0.000156
2817 0.000156
2818 0.000156
2819 0.000156
2820 0.000156
2821 0.000156
2822 0.000155
2823 0.000155
2824 0.000155
2825 0.000155
2826 0.000155
2827 0.000155
2828 0.000155
2829 0.000155
2830 0.000155
2831 0.000155
2832 0.000155
2833 0.000155
2834 0.000155
2835 0.000154
2836 0.000154
2837 0.000154
2838 0.000154
2839 0.000154
2840 0.000154
2841 0.000154
2842 0.000154
2843 0.000154
2844 0.000154
2845 0.000154
2846 0.000154
2847 0.000154
2848 0.000153
2849 0.000153
2850 0.000153
2851 0.000153
2852 0.000153
2853 0.000153
2854 0.000153
2855 0.000153
2856 0.000153
2857 0.000153
2858 0.000153
2859 0.000153
2860 0.000153
2861 0.000153
2862 0.000152
2863 0.000152
2864 0.000152
2865 0.000152
2866 0.000152
2867 0.000152
2868 0.000152
2869 0.000152
2870 0.000152
2871 0.000152
2872 0.000152
2873 0.000152
2874 0.000152
2875 0.000151
2876 0.000151
2877 0.000151
2878 0.000151
2879 0.000151
2880 0.000151
2881 0.000151
2882 0.000151
2883 0.000151
2884 0.000151
2885 0.000151
2886 0.000151
2887 0.000151
2888 0.000151
2889 0.000150
2890 0.000150
2891 0.000150
2892 0.000150
2893 0.000150
2894 0.000150
2895 0.000150
2896 0.000150
2897 0.000150
2898 0.000150
2899 0.000150
2900 0.000150
2901 0.000150
2902 0.000149
2903 0.000149
2904 0.000149
2905 0.000149
2906 0.000149
2907 0.000149
2908 0.000149
2909 0.000149
2910 0.000149
2911 0.000149
2912 0.000149
2913 0.000149
2914 0.000149
2915 0.000149
2916 0.000148
2917 0.000148
2918 0.000148
2919 0.000148
2920 0.000148
2921 0.000148
2922 0.000148
2923 0.000148
2924 0.000148
2925 0.000148
2926 0.000148
2927 0.000148
2928 0.000148
2929 0.000148
2930 0.000147
2931 0.000147
2932 0.000147
2933 0.000147
2934 0.000147
2935 0.000147
2936 0.000147
2937 0.000147
2938 0.000147
2939 0.000147
2940 0.000147
2941 0.000147
2942 0.000147
2943 0.000146
2944 0.000146
2945 0.000146
2946 0.000146
2947 0.000146
2948 0.000146
2949 0.000146
2950 0.000146
2951 0.000146
2952 0.000146
2953 0.000146
2954 0.000146
2955 0.000146
2956 0.000146
2957 0.000145
2958 0.000145
2959 0.000145
2960 0.000145
2961 0.000145
2962 0.000145
2963 0.000145
2964 0.000145
2965 0.000145
2966 0.000145
2967 0.000145
2968 0.000145
2969 0.000145
2970 0.000145
2971 0.000144
2972 0.000144
2973 0.000144
2974 0.000144
2975 0.000144
2976 0.000144
2977 0.000144
2978 0.000144
2979 0.000144
2980 0.000144
2981 0.000144
2982 0.000144
2983 0.000144
2984 0.000144
2985 0.000144
2986 0.000143
2987 0.000143
2988 0.000143
2989 0.000143
2990 0.000143
2991 0.000143
2992 0.000143
2993 0.000143
2994 0.000143
2995 0.000143
2996 0.000143
2997 0.000143
2998 0.000143
2999 0.000143
3000 0.000142
3001 0.000142
3002 0.000142
3003 0.000142
3004 0.000142
3005 0.000142
3006 0.000142
3007 0.000142
3008 0.000142
3009 0.000142
3010 0.000142
3011 0.000142
3012 0.000142
3013 0.000142
3014 0.000141
3015 0.000141
3016 0.000141
3017 0.000141
3018 0.000141
3019 0.000141
3020 0.000141
3021 0.000141
3022 0.000141
3023 0.000141
3024 0.000141
3025 0.000141
3026 0.000141
3027 0.000141
3028 0.000141
3029 0.000140
3030 0.000140
3031 0.000140
3032 0.000140
3033 0.000140
3034 0.000140
3035 0.000140
3036 0.000140
3037 0.000140
3038 0.000140
3039 0.000140
3040 0.000140
3041 0.000140
3042 0.000140
3043 0.000139
3044 0.000139
3045 0.000139
3046 0.000139
3047 0.000139
3048 0.000139
3049 0.000139
3050 0.000139
3051 0.000139
3052 0.000139
3053 0.000139
3054 0.000139
3055 0.000139
3056 0.000139
3057 0.000139
3058 0.000138
3059 0.000138
3060 0.000138
3061 0.000138
3062 0.000138
3063 0.000138
3064 0.000138
3065 0.000138
3066 0.000138
3067 0.000138
3068 0.000138
3069 0.000138
3070 0.000138
3071 0.000138
3072 0.000138
3073 0.000137
3074 0.000137
3075 0.000137
3076 0.000137
3077 0.000137
3078 0.000137
3079 0.000137
3080 0.000137
3081 0.000137
3082 0.000137
3083 0.000137
3084 0.000137
3085 0.000137
3086 0.000137
3087 0.000137
3088 0.000136
3089 0.000136
3090 0.000136
3091 0.000136
3092 0.000136
3093 0.000136
3094 0.000136
3095 0.000136
3096 0.000136
3097 0.000136
3098 0.000136
3099 0.000136
3100 0.000136
3101 0.000136
3102 0.000136
3103 0.000135
3104 0.000135
3105 0.000135
3106 0.000135
3107 0.000135
3108 0.000135
3109 0.000135
3110 0.000135
3111 0.000135
3112 0.000135
3113 0.000135
3114 0.000135
3115 0.000135
3116 0.000135
3117 0.000135
3118 0.000134
3119 0.000134
3120 0.000134
3121 0.000134
3122 0.000134
3123 0.000134
3124 0.000134
3125 0.000134
3126 0.000134
3127 0.000134
3128 0.000134
3129 0.000134
3130 0.000134
3131 0.000134
3132 0.000134
3133 0.000133
3134 0.000133
3135 0.000133
3136 0.000133
3137 0.000133
3138 0.000133
3139 0.000133
3140 0.000133
3141 0.000133
3142 0.000133
3143 0.000133
3144 0.000133
3145 0.000133
3146 0.000133
3147 0.000133
3148 0.000132
3149 0.000132
3150 0.000132
3151 0.000132
3152 0.000132
3153 0.000132
3154 0.000132
3155 0.000132
3156 0.000132
3157 0.000132
3158 0.000132
3159 0.000132
3160 0.000132
3161 0.000132
3162 0.000132
3163 0.000132
3164 0.000131
3165 0.000131
3166 0.000131
3167 0.000131
3168 0.000131
3169 0.000131
3170 0.000131
3171 0.000131
3172 0.000131
3173 0.000131
3174 0.000131
3175 0.000131
3176 0.000131
3177 0.000131
3178 0.000131
3179 0.000131
3180 0.000130
3181 0.000130
3182 0.000130
3183 0.000130
3184 0.000130
3185 0.000130
3186 0.000130
3187 0.000130
3188 0.000130
3189 0.000130
3190 0.000130
3191 0.000130
3192 0.000130
3193 0.000130
3194 0.000130
3195 0.000129
3196 0.000129
3197 0.000129
3198 0.000129
3199 0.000129
3200 0.000129
3201 0.000129
3202 0.000129
3203 0.000129
3204 0.000129
3205 0.000129
3206 0.000129
3207 0.000129
3208 0.000129
3209 0.000129
3210 0.000129
3211 0.000128
3212 0.000128
3213 0.000128
3214 0.000128
3215 0.000128
3216 0.000128
3217 0.000128
3218 0.000128
3219 0.000128
3220 0.000128
3221 0.000128
3222 0.000128
3223 0.000128
3224 0.000128
3225 0.000128
3226 0.000128
3227 0.000127
3228 0.000127
3229 0.000127
3230 0.000127
3231 0.000127
3232 0.000127
3233 0.000127
3234 0.000127
3235 0.000127
3236 0.000127
3237 0.000127
3238 0.000127
3239 0.000127
3240 0.000127
3241 0.000127
3242 0.000127
3243 0.000126
3244 0.000126
3245 0.000126
3246 0.000126
3247 0.000126
3248 0.000126
3249 0.000126
3250 0.000126
3251 0.000126
3252 0.000126
3253 0.000126
3254 0.000126
3255 0.000126
3256 0.000126
3257 0.000126
3258 0.000126
3259 0.000126
3260 0.000125
3261 0.000125
3262 0.000125
3263 0.000125
3264 0.000125
3265 0.000125
3266 0.000125
3267 0.000125
3268 0.000125
3269 0.000125
3270 0.000125
3271 0.000125
3272 0.000125
3273 0.000125
3274 0.000125
3275 0.000125
3276 0.000124
3277 0.000124
3278 0.000124
3279 0.000124
3280 0.000124
3281 0.000124
3282 0.000124
3283 0.000124
3284 0.000124
3285 0.000124
3286 0.000124
3287 0.000124
3288 0.000124
3289 0.000124
3290 0.000124
3291 0.000124
3292 0.000124
3293 0.000123
3294 0.000123
3295 0.000123
3296 0.000123
3297 0.000123
3298 0.000123
3299 0.000123
3300 0.000123
3301 0.000123
3302 0.000123
3303 0.000123
3304 0.000123
3305 0.000123
3306 0.000123
3307 0.000123
3308 0.000123
3309 0.000122
3310 0.000122
3311 0.000122
3312 0.000122
3313 0.000122
3314 0.000122
3315 0.000122
3316 0.000122
3317 0.000122
3318 0.000122
3319 0.000122
3320 0.000122
3321 0.000122
3322 0.000122
3323 0.000122
3324 0.000122
3325 0.000122
3326 0.000121
3327 0.000121
3328 0.000121
3329 0.000121
3330 0.000121
3331 0.000121
3332 0.000121
3333 0.000121
3334 0.000121
3335 0.000121
3336 0.000121
3337 0.000121
3338 0.000121
3339 0.000121
3340 0.000121
3341 0.000121
3342 0.000121
3343 0.000120
3344 0.000120
3345 0.000120
3346 0.000120
3347 0.000120
3348 0.000120
3349 0.000120
3350 0.000120
3351 0.000120
3352 0.000120
3353 0.000120
3354 0.000120
3355 0.000120
3356 0.000120
3357 0.000120
3358 0.000120
3359 0.000120
3360 0.000119
3361 0.000119
3362 0.000119
3363 0.000119
3364 0.000119
3365 0.000119
3366 0.000119
3367 0.000119
3368 0.000119
3369 0.000119
3370 0.000119
3371 0.000119
3372 0.000119
3373 0.000119
3374 0.000119
3375 0.000119
3376 0.000119
3377 0.000118
3378 0.000118
3379 0.000118
3380 0.000118
3381 0.000118
3382 0.000118
3383 0.000118
3384 0.000118
3385 0.000118
3386 0.000118
3387 0.000118
3388 0.000118
3389 0.000118
3390 0.000118
3391 0.000118
3392 0.000118
3393 0.000118
3394 0.000118
3395 0.000117
3396 0.000117
3397 0.000117
3398 0.000117
3399 0.000117
3400 0.000117
3401 0.000117
3402 0.000117
3403 0.000117
3404 0.000117
3405 0.000117
3406 0.000117
3407 0.000117
3408 0.000117
3409 0.000117
3410 0.000117
3411 0.000117
3412 0.000116
3413 0.000116
3414 0.000116
3415 0.000116
3416 0.000116
3417 0.000116
3418 0.000116
3419 0.000116
3420 0.000116
3421 0.000116
3422 0.000116
3423 0.000116
3424 0.000116
3425 0.000116
3426 0.000116
3427 0.000116
3428 0.000116
3429 0.000116
3430 0.000115
3431 0.000115
3432 0.000115
3433 0.000115
3434 0.000115
3435 0.000115
3436 0.000115
3437 0.000115
3438 0.000115
3439 0.000115
3440 0.000115
3441 0.000115
3442 0.000115
3443 0.000115
3444 0.000115
3445 0.000115
3446 0.000115
3447 0.000115
3448 0.000114
3449 0.000114
3450 0.000114
3451 0.000114
3452 0.000114
3453 0.000114
3454 0.000114
3455 0.000114
3456 0.000114
3457 0.000114
3458 0.000114
3459 0.000114
3460 0.000114
3461 0.000114
3462 0.000114
3463 0.000114
3464 0.000114
3465 0.000114
3466 0.000113
3467 0.000113
3468 0.000113
3469 0.000113
3470 0.000113
3471 0.000113
3472 0.000113
3473 0.000113
3474 0.000113
3475 0.000113
3476 0.000113
3477 0.000113
3478 0.000113
3479 0.000113
3480 0.000113
3481 0.000113
3482 0.000113
3483 0.000113
3484 0.000112
3485 0.000112
3486 0.000112
3487 0.000112
3488 0.000112
3489 0.000112
3490 0.000112
3491 0.000112
3492 0.000112
3493 0.000112
3494 0.000112
3495 0.000112
3496 0.000112
3497 0.000112
3498 0.000112
3499 0.000112
3500 0.000112
3501 0.000112
3502 0.000112
3503 0.000111
3504 0.000111
3505 0.000111
3506 0.000111
3507 0.000111
3508 0.000111
3509 0.000111
3510 0.000111
3511 0.000111
3512 0.000111
3513 0.000111
3514 0.000111
3515 0.000111
3516 0.000111
3517 0.000111
3518 0.000111
3519 0.000111
3520 0.000111
3521 0.000110
3522 0.000110
3523 0.000110
3524 0.000110
3525 0.000110
3526 0.000110
3527 0.000110
3528 0.000110
3529 0.000110
3530 0.000110
3531 0.000110
3532 0.000110
3533 0.000110
3534 0.000110
3535 0.000110
3536 0.000110
3537 0.000110
3538 0.000110
3539 0.000110
3540 0.000109
3541 0.000109
3542 0.000109
3543 0.000109
3544 0.000109
3545 0.000109
3546 0.000109
3547 0.000109
3548 0.000109
3549 0.000109
3550 0.000109
3551 0.000109
3552 0.000109
3553 0.000109
3554 0.000109
3555 0.000109
3556 0.000109
3557 0.000109
3558 0.000109
3559 0.000108
3560 0.000108
3561 0.000108
3562 0.000108
3563 0.000108
3564 0.000108
3565 0.000108
3566 0.000108
3567 0.000108
3568 0.000108
3569 0.000108
3570 0.000108
3571 0.000108
3572 0.000108
3573 0.000108
3574 0.000108
3575 0.000108
3576 0.000108
3577 0.000108
3578 0.000107
3579 0.000107
3580 0.000107
3581 0.000107
3582 0.000107
3583 0.000107
3584 0.000107
3585 0.000107
3586 0.000107
3587 0.000107
3588 0.000107
3589 0.000107
3590 0.000107
3591 0.000107
3592 0.000107
3593 0.000107
3594 0.000107
3595 0.000107
3596 0.000107
3597 0.000106
3598 0.000106
3599 0.000106
3600 0.000106
3601 0.000106
3602 0.000106
3603 0.000106
3604 0.000106
3605 0.000106
3606 0.000106
3607 0.000106
3608 0.000106
3609 0.000106
3610 0.000106
3611 0.000106
3612 0.000106
3613 0.000106
3614 0.000106
3615 0.000106
3616 0.000106
3617 0.000105
3618 0.000105
3619 0.000105
3620 0.000105
3621 0.000105
3622 0.000105
3623 0.000105
3624 0.000105
3625 0.000105
3626 0.000105
3627 0.000105
3628 0.000105
3629 0.000105
3630 0.000105
3631 0.000105
3632 0.000105
3633 0.000105
3634 0.000105
3635 0.000105
3636 0.000104
3637 0.000104
3638 0.000104
3639 0.000104
3640 0.000104
3641 0.000104
3642 0.000104
3643 0.000104
3644 0.000104
3645 0.000104
3646 0.000104
3647 0.000104
3648 0.000104
3649 0.000104
3650 0.000104
3651 0.000104
3652 0.000104
3653 0.000104
3654 0.000104
3655 0.000104
3656 0.000103
3657 0.000103
3658 0.000103
3659 0.000103
3660 0.000103
3661 0.000103
3662 0.000103
3663 0.000103
3664 0.000103
3665 0.000103
3666 0.000103
3667 0.000103
3668 0.000103
3669 0.000103
3670 0.000103
3671 0.000103
3672 0.000103
3673 0.000103
3674 0.000103
3675 0.000103
3676 0.000102
3677 0.000102
3678 0.000102
3679 0.000102
3680 0.000102
3681 0.000102
3682 0.000102
3683 0.000102
3684 0.000102
3685 0.000102
3686 0.000102
3687 0.000102
3688 0.000102
3689 0.000102
3690 0.000102
3691 0.000102
3692 0.000102
3693 0.000102
3694 0.000102
3695 0.000102
3696 0.000101
3697 0.000101
3698 0.000101
3699 0.000101
3700 0.000101
3701 0.000101
3702 0.000101
3703 0.000101
3704 0.000101
3705 0.000101
3706 0.000101
3707 0.000101
3708 0.000101
3709 0.000101
3710 0.000101
3711 0.000101
3712 0.000101
3713 0.000101
3714 0.000101
3715 0.000101
3716 0.000101
3717 0.000100
3718 0.000100
3719 0.000100
3720 0.000100
3721 0.000100
3722 0.000100
3723 0.000100
3724 0.000100
3725 0.000100
3726 0.000100
3727 0.000100
