1 1.950000
2 1.901250
3 1.355532
4 1.073836
5 0.893213
6 0.764200
7 0.665928
8 0.587830
9 0.523881
10 0.470347
11 0.424767
12 0.385440
13 0.351142
14 0.320966
15 0.294221
16 0.270371
17 0.248989
18 0.229734
19 0.212324
20 0.196529
21 0.182155
22 0.169038
23 0.157040
24 0.146041
25 0.135938
26 0.126641
27 0.118073
28 0.110165
29 0.102855
30 0.096091
31 0.089824
32 0.084012
33 0.078616
34 0.073602
35 0.068939
36 0.064599
37 0.060556
38 0.056788
39 0.053274
40 0.049994
41 0.046932
42 0.044071
43 0.041396
44 0.038894
45 0.036554
46 0.034363
47 0.032311
48 0.030389
49 0.028588
50 0.026899
51 0.025315
52 0.023829
53 0.022435
54 0.021126
55 0.019897
56 0.018742
57 0.017658
58 0.016639
59 0.015681
60 0.014780
61 0.013933
62 0.013137
63 0.012388
64 0.011683
65 0.011019
66 0.010394
67 0.009806
68 0.009252
69 0.008731
70 0.008240
71 0.007777
72 0.007341
73 0.006930
74 0.006543
75 0.006178
76 0.005833
77 0.005509
78 0.005203
79 0.004914
80 0.004642
81 0.004385
82 0.004321
83 0.004130
84 0.003988
85 0.003849
86 0.003672
87 0.003557
88 0.003430
89 0.003318
90 0.003223
91 0.003129
92 0.003109
93 0.002878
94 0.002838
95 0.002802
96 0.002774
97 0.002734
98 0.002700
99 0.002669
100 0.002637
101 0.002607
102 0.002577
103 0.002548
104 0.002520
105 0.002492
106 0.002466
107 0.002438
108 0.002414
109 0.002388
110 0.002364
111 0.002339
112 0.002316
113 0.002293
114 0.002276
115 0.002267
116 0.002263
117 0.002256
118 0.002241
119 0.002227
120 0.002224
121 0.002215
122 0.002202
123 0.002185
124 0.002172
125 0.002163
126 0.002151
127 0.002135
128 0.002118
129 0.002107
130 0.002093
131 0.002078
132 0.002060
133 0.002041
134 0.002021
135 0.002000
136 0.001982
137 0.001965
138 0.001949
139 0.001937
140 0.001925
141 0.001911
142 0.001902
143 0.001890
144 0.001879
145 0.001869
146 0.001858
147 0.001848
148 0.001841
149 0.001832
150 0.001822
151 0.001813
152 0.001806
153 0.001799
154 0.001790
155 0.001781
156 0.001775
157 0.001768
158 0.001760
159 0.001754
160 0.001747
161 0.001739
162 0.001734
163 0.001728
164 0.001721
165 0.001716
166 0.001710
167 0.001704
168 0.001698
169 0.001692
170 0.001687
171 0.001682
172 0.001677
173 0.001672
174 0.001667
175 0.001662
176 0.001657
177 0.001653
178 0.001648
179 0.001644
180 0.001639
181 0.001635
182 0.001631
183 0.001627
184 0.001623
185 0.001619
186 0.001615
187 0.001612
188 0.001608
189 0.001605
190 0.001601
191 0.001597
192 0.001594
193 0.001590
194 0.001586
195 0.001583
196 0.001579
197 0.001575
198 0.001571
199 0.001568
200 0.001564
201 0.001560
202 0.001557
203 0.001553
204 0.001550
205 0.001546
206 0.001542
207 0.001539
208 0.001535
209 0.001532
210 0.001528
211 0.001524
212 0.001521
213 0.001517
214 0.001514
215 0.001510
216 0.001506
217 0.001503
218 0.001499
219 0.001495
220 0.001492
221 0.001488
222 0.001485
223 0.001481
224 0.001478
225 0.001474
226 0.001471
227 0.001467
228 0.001464
229 0.001460
230 0.001457
231 0.001453
232 0.001450
233 0.001446
234 0.001443
235 0.001439
236 0.001436
237 0.001433
238 0.001429
239 0.001426
240 0.001422
241 0.001419
242 0.001415
243 0.001412
244 0.001409
245 0.001405
246 0.001402
247 0.001399
248 0.001395
249 0.001392
250 0.001389
251 0.001385
252 0.001382
253 0.001379
254 0.001375
255 0.001372
256 0.001369
257 0.001366
258 0.001362
259 0.001359
260 0.001356
261 0.001353
262 0.001350
263 0.001346
264 0.001343
265 0.001340
266 0.001337
267 0.001334
268 0.001330
269 0.001327
270 0.001324
271 0.001321
272 0.001318
273 0.001315
274 0.001312
275 0.001309
276 0.001306
277 0.001303
278 0.001300
279 0.001296
280 0.001293
281 0.001290
282 0.001287
283 0.001284
284 0.001281
285 0.001278
286 0.001275
287 0.001273
288 0.001270
289 0.001267
290 0.001264
291 0.001261
292 0.001258
293 0.001255
294 0.001252
295 0.001249
296 0.001246
297 0.001243
298 0.001241
299 0.001238
300 0.001235
301 0.001232
302 0.001229
303 0.001227
304 0.001224
305 0.001221
306 0.001218
307 0.001215
308 0.001213
309 0.001210
310 0.001207
311 0.001204
312 0.001202
313 0.001199
314 0.001196
315 0.001194
316 0.001191
317 0.001188
318 0.001186
319 0.001183
320 0.001180
321 0.001178
322 0.001175
323 0.001173
324 0.001170
325 0.001167
326 0.001165
327 0.001162
328 0.001160
329 0.001157
330 0.001154
331 0.001152
332 0.001149
333 0.001147
334 0.001144
335 0.001142
336 0.001139
337 0.001137
338 0.001134
339 0.001132
340 0.001130
341 0.001127
342 0.001125
343 0.001122
344 0.001120
345 0.001117
346 0.001115
347 0.001113
348 0.001110
349 0.001108
350 0.001105
351 0.001103
352 0.001101
353 0.001098
354 0.001096
355 0.001094
356 0.001091
357 0.001089
358 0.001087
359 0.001084
360 0.001082
361 0.001080
362 0.001078
363 0.001075
364 0.001073
365 0.001071
366 0.001069
367 0.001066
368 0.001064
369 0.001062
370 0.001060
371 0.001058
372 0.001055
373 0.001053
374 0.001051
375 0.001049
376 0.001047
377 0.001045
378 0.001042
379 0.001040
380 0.001038
381 0.001036
382 0.001034
383 0.001032
384 0.001030
385 0.001028
386 0.001025
387 0.001023
388 0.001021
389 0.001019
390 0.001017
391 0.001015
392 0.001013
393 0.001011
394 0.001009
395 0.001007
396 0.001005
397 0.001003
398 0.001001
399 0.000999
400 0.000997
401 0.000995
402 0.000993
403 0.000991
404 0.000989
405 0.000987
406 0.000985
407 0.000983
408 0.000981
409 0.000979
410 0.000977
411 0.000976
412 0.000974
413 0.000972
414 0.000970
415 0.000968
416 0.000966
417 0.000964
418 0.000962
419 0.000960
420 0.000959
421 0.000957
422 0.000955
423 0.000953
424 0.000951
425 0.000949
426 0.000948
427 0.000946
428 0.000944
429 0.000942
430 0.000940
431 0.000939
432 0.000937
433 0.000935
434 0.000933
435 0.000932
436 0.000930
437 0.000928
438 0.000926
439 0.000925
440 0.000923
441 0.000921
442 0.000919
443 0.000918
444 0.000916
445 0.000914
446 0.000913
447 0.000911
448 0.000909
449 0.000907
450 0.000906
451 0.000904
452 0.000902
453 0.000901
454 0.000899
455 0.000897
456 0.000896
457 0.000894
458 0.000893
459 0.000891
460 0.000889
461 0.000888
462 0.000886
463 0.000885
464 0.000883
465 0.000881
466 0.000880
467 0.000878
468 0.000877
469 0.000875
470 0.000873
471 0.000872
472 0.000870
473 0.000869
474 0.000867
475 0.000866
476 0.000864
477 0.000863
478 0.000861
479 0.000860
480 0.000858
481 0.000857
482 0.000855
483 0.000854
484 0.000852
485 0.000851
486 0.000849
487 0.000848
488 0.000846
489 0.000845
490 0.000843
491 0.000842
492 0.000840
493 0.000839
494 0.000837
495 0.000836
496 0.000835
497 0.000833
498 0.000832
499 0.000830
500 0.000829
501 0.000827
502 0.000826
503 0.000825
504 0.000823
505 0.000822
506 0.000821
507 0.000819
508 0.000818
509 0.000816
510 0.000815
511 0.000814
512 0.000812
513 0.000811
514 0.000810
515 0.000808
516 0.000807
517 0.000806
518 0.000804
519 0.000803
520 0.000802
521 0.000800
522 0.000799
523 0.000798
524 0.000796
525 0.000795
526 0.000794
527 0.000792
528 0.000791
529 0.000790
530 0.000789
531 0.000787
532 0.000786
533 0.000785
534 0.000784
535 0.000782
536 0.000781
537 0.000780
538 0.000779
539 0.000777
540 0.000776
541 0.000775
542 0.000774
543 0.000772
544 0.000771
545 0.000770
546 0.000769
547 0.000768
548 0.000766
549 0.000765
550 0.000764
551 0.000763
552 0.000762
553 0.000760
554 0.000759
555 0.000758
556 0.000757
557 0.000756
558 0.000755
559 0.000753
560 0.000752
561 0.000751
562 0.000750
563 0.000749
564 0.000748
565 0.000747
566 0.000745
567 0.000744
568 0.000743
569 0.000742
570 0.000741
571 0.000740
572 0.000739
573 0.000738
574 0.000737
575 0.000736
576 0.000734
577 0.000733
578 0.000732
579 0.000731
580 0.000730
581 0.000729
582 0.000728
583 0.000727
584 0.000726
585 0.000725
586 0.000724
587 0.000723
588 0.000722
589 0.000721
590 0.000720
591 0.000719
592 0.000718
593 0.000716
594 0.000715
595 0.000714
596 0.000713
597 0.000712
598 0.000711
599 0.000710
600 0.000709
601 0.000708
602 0.000707
603 0.000706
604 0.000705
605 0.000704
606 0.000703
607 0.000702
608 0.000702
609 0.000701
610 0.000700
611 0.000699
612 0.000698
613 0.000697
614 0.000696
615 0.000695
616 0.000694
617 0.000693
618 0.000692
619 0.000691
620 0.000690
621 0.000689
622 0.000688
623 0.000687
624 0.000686
625 0.000685
626 0.000685
627 0.000684
628 0.000683
629 0.000682
630 0.000681
631 0.000680
632 0.000679
633 0.000678
634 0.000677
635 0.000676
636 0.000676
637 0.000675
638 0.000674
639 0.000673
640 0.000672
641 0.000671
642 0.000670
643 0.000669
644 0.000669
645 0.000668
646 0.000667
647 0.000666
648 0.000665
649 0.000664
650 0.000664
651 0.000663
652 0.000662
653 0.000661
654 0.000660
655 0.000659
656 0.000659
657 0.000658
658 0.000657
659 0.000656
660 0.000655
661 0.000654
662 0.000654
663 0.000653
664 0.000652
665 0.000651
666 0.000650
667 0.000650
668 0.000649
669 0.000648
670 0.000647
671 0.000647
672 0.000646
673 0.000645
674 0.000644
675 0.000643
676 0.000643
677 0.000642
678 0.000641
679 0.000640
680 0.000640
681 0.000639
682 0.000638
683 0.000637
684 0.000637
685 0.000636
686 0.000635
687 0.000634
688 0.000634
689 0.000633
690 0.000632
691 0.000631
692 0.000631
693 0.000630
694 0.000629
695 0.000629
696 0.000628
697 0.000627
698 0.000626
699 0.000626
700 0.000625
701 0.000624
702 0.000624
703 0.000623
704 0.000622
705 0.000621
706 0.000621
707 0.000620
708 0.000619
709 0.000619
710 0.000618
711 0.000617
712 0.000617
713 0.000616
714 0.000615
715 0.000615
716 0.000614
717 0.000613
718 0.000613
719 0.000612
720 0.000611
721 0.000611
722 0.000610
723 0.000609
724 0.000609
725 0.000608
726 0.000607
727 0.000607
728 0.000606
729 0.000605
730 0.000605
731 0.000604
732 0.000603
733 0.000603
734 0.000602
735 0.000601
736 0.000601
737 0.000600
738 0.000600
739 0.000599
740 0.000598
741 0.000598
742 0.000597
743 0.000596
744 0.000596
745 0.000595
746 0.000595
747 0.000594
748 0.000593
749 0.000593
750 0.000592
751 0.000591
752 0.000591
753 0.000590
754 0.000590
755 0.000589
756 0.000588
757 0.000588
758 0.000587
759 0.000587
760 0.000586
761 0.000585
762 0.000585
763 0.000584
764 0.000584
765 0.000583
766 0.000583
767 0.000582
768 0.000581
769 0.000581
770 0.000580
771 0.000580
772 0.000579
773 0.000578
774 0.000578
775 0.000577
776 0.000577
777 0.000576
778 0.000576
779 0.000575
780 0.000575
781 0.000574
782 0.000573
783 0.000573
784 0.000572
785 0.000572
786 0.000571
787 0.000571
788 0.000570
789 0.000569
790 0.000569
791 0.000568
792 0.000568
793 0.000567
794 0.000567
795 0.000566
796 0.000566
797 0.000565
798 0.000565
799 0.000564
800 0.000564
801 0.000563
802 0.000562
803 0.000562
804 0.000561
805 0.000561
806 0.000560
807 0.000560
808 0.000559
809 0.000559
810 0.000558
811 0.000558
812 0.000557
813 0.000557
814 0.000556
815 0.000556
816 0.000555
817 0.000555
818 0.000554
819 0.000554
820 0.000553
821 0.000553
822 0.000552
823 0.000552
824 0.000551
825 0.000550
826 0.000550
827 0.000549
828 0.000549
829 0.000548
830 0.000548
831 0.000547
832 0.000547
833 0.000546
834 0.000546
835 0.000545
836 0.000545
837 0.000544
838 0.000544
839 0.000543
840 0.000543
841 0.000543
842 0.000542
843 0.000542
844 0.000541
845 0.000541
846 0.000540
847 0.000540
848 0.000539
849 0.000539
850 0.000538
851 0.000538
852 0.000537
853 0.000537
854 0.000536
855 0.000536
856 0.000535
857 0.000535
858 0.000534
859 0.000534
860 0.000533
861 0.000533
862 0.000532
863 0.000532
864 0.000531
865 0.000531
866 0.000530
867 0.000530
868 0.000530
869 0.000529
870 0.000529
871 0.000528
872 0.000528
873 0.000527
874 0.000527
875 0.000526
876 0.000526
877 0.000525
878 0.000525
879 0.000524
880 0.000524
881 0.000524
882 0.000523
883 0.000523
884 0.000522
885 0.000522
886 0.000521
887 0.000521
888 0.000520
889 0.000520
890 0.000519
891 0.000519
892 0.000519
893 0.000518
894 0.000518
895 0.000517
896 0.000517
897 0.000516
898 0.000516
899 0.000515
900 0.000515
901 0.000515
902 0.000514
903 0.000514
904 0.000513
905 0.000513
906 0.000512
907 0.000512
908 0.000511
909 0.000511
910 0.000511
911 0.000510
912 0.000510
913 0.000509
914 0.000509
915 0.000508
916 0.000508
917 0.000508
918 0.000507
919 0.000507
920 0.000506
921 0.000506
922 0.000505
923 0.000505
924 0.000504
925 0.000504
926 0.000504
927 0.000503
928 0.000503
929 0.000502
930 0.000502
931 0.000501
932 0.000501
933 0.000501
934 0.000500
935 0.000500
936 0.000499
937 0.000499
938 0.000499
939 0.000498
940 0.000498
941 0.000497
942 0.000497
943 0.000496
944 0.000496
945 0.000496
946 0.000495
947 0.000495
948 0.000494
949 0.000494
950 0.000493
951 0.000493
952 0.000493
953 0.000492
954 0.000492
955 0.000491
956 0.000491
957 0.000491
958 0.000490
959 0.000490
960 0.000489
961 0.000489
962 0.000489
963 0.000488
964 0.000488
965 0.000487
966 0.000487
967 0.000487
968 0.000486
969 0.000486
970 0.000485
971 0.000485
972 0.000484
973 0.000484
974 0.000484
975 0.000483
976 0.000483
977 0.000482
978 0.000482
979 0.000482
980 0.000481
981 0.000481
982 0.000480
983 0.000480
984 0.000480
985 0.000479
986 0.000479
987 0.000478
988 0.000478
989 0.000478
990 0.000477
991 0.000477
992 0.000476
993 0.000476
994 0.000476
995 0.000475
996 0.000475
997 0.000475
998 0.000474
999 0.000474
1000 0.000473
1001 0.000473
1002 0.000473
1003 0.000472
1004 0.000472
1005 0.000471
1006 0.000471
1007 0.000471
1008 0.000470
1009 0.000470
1010 0.000469
1011 0.000469
1012 0.000469
1013 0.000468
1014 0.000468
1015 0.000467
1016 0.000467
1017 0.000467
1018 0.000466
1019 0.000466
1020 0.000466
1021 0.000465
1022 0.000465
1023 0.000464
1024 0.000464
1025 0.000464
1026 0.000463
1027 0.000463
1028 0.000463
1029 0.000462
1030 0.000462
1031 0.000461
1032 0.000461
1033 0.000461
1034 0.000460
1035 0.000460
1036 0.000459
1037 0.000459
1038 0.000459
1039 0.000458
1040 0.000458
1041 0.000458
1042 0.000457
1043 0.000457
1044 0.000456
1045 0.000456
1046 0.000456
1047 0.000455
1048 0.000455
1049 0.000455
1050 0.000454
1051 0.000454
1052 0.000454
1053 0.000453
1054 0.000453
1055 0.000452
1056 0.000452
1057 0.000452
1058 0.000451
1059 0.000451
1060 0.000451
1061 0.000450
1062 0.000450
1063 0.000449
1064 0.000449
1065 0.000449
1066 0.000448
1067 0.000448
1068 0.000448
1069 0.000447
1070 0.000447
1071 0.000447
1072 0.000446
1073 0.000446
1074 0.000445
1075 0.000445
1076 0.000445
1077 0.000444
1078 0.000444
1079 0.000444
1080 0.000443
1081 0.000443
1082 0.000443
1083 0.000442
1084 0.000442
1085 0.000441
1086 0.000441
1087 0.000441
1088 0.000440
1089 0.000440
1090 0.000440
1091 0.000439
1092 0.000439
1093 0.000439
1094 0.000438
1095 0.000438
1096 0.000438
1097 0.000437
1098 0.000437
1099 0.000436
1100 0.000436
1101 0.000436
1102 0.000435
1103 0.000435
1104 0.000435
1105 0.000434
1106 0.000434
1107 0.000434
1108 0.000433
1109 0.000433
1110 0.000433
1111 0.000432
1112 0.000432
1113 0.000432
1114 0.000431
1115 0.000431
1116 0.000430
1117 0.000430
1118 0.000430
1119 0.000429
1120 0.000429
1121 0.000429
1122 0.000428
1123 0.000428
1124 0.000428
1125 0.000427
1126 0.000427
1127 0.000427
1128 0.000426
1129 0.000426
1130 0.000426
1131 0.000425
1132 0.000425
1133 0.000425
1134 0.000424
1135 0.000424
1136 0.000424
1137 0.000423
1138 0.000423
1139 0.000423
1140 0.000422
1141 0.000422
1142 0.000422
1143 0.000421
1144 0.000421
1145 0.000421
1146 0.000420
1147 0.000420
1148 0.000420
1149 0.000419
1150 0.000419
1151 0.000418
1152 0.000418
1153 0.000418
1154 0.000417
1155 0.000417
1156 0.000417
1157 0.000416
1158 0.000416
1159 0.000416
1160 0.000415
1161 0.000415
1162 0.000415
1163 0.000414
1164 0.000414
1165 0.000414
1166 0.000413
1167 0.000413
1168 0.000413
1169 0.000412
1170 0.000412
1171 0.000412
1172 0.000411
1173 0.000411
1174 0.000411
1175 0.000410
1176 0.000410
1177 0.000410
1178 0.000409
1179 0.000409
1180 0.000409
1181 0.000408
1182 0.000408
1183 0.000408
1184 0.000408
1185 0.000407
1186 0.000407
1187 0.000407
1188 0.000406
1189 0.000406
1190 0.000406
1191 0.000405
1192 0.000405
1193 0.000405
1194 0.000404
1195 0.000404
1196 0.000404
1197 0.000403
1198 0.000403
1199 0.000403
1200 0.000402
1201 0.000402
1202 0.000402
1203 0.000401
1204 0.000401
1205 0.000401
1206 0.000400
1207 0.000400
1208 0.000400
1209 0.000399
1210 0.000399
1211 0.000399
1212 0.000398
1213 0.000398
1214 0.000398
1215 0.000397
1216 0.000397
1217 0.000397
1218 0.000397
1219 0.000396
1220 0.000396
1221 0.000396
1222 0.000395
1223 0.000395
1224 0.000395
1225 0.000394
1226 0.000394
1227 0.000394
1228 0.000393
1229 0.000393
1230 0.000393
1231 0.000392
1232 0.000392
1233 0.000392
1234 0.000391
1235 0.000391
1236 0.000391
1237 0.000391
1238 0.000390
1239 0.000390
1240 0.000390
1241 0.000389
1242 0.000389
1243 0.000389
1244 0.000388
1245 0.000388
1246 0.000388
1247 0.000387
1248 0.000387
1249 0.000387
1250 0.000387
1251 0.000386
1252 0.000386
1253 0.000386
1254 0.000385
1255 0.000385
1256 0.000385
1257 0.000384
1258 0.000384
1259 0.000384
1260 0.000383
1261 0.000383
1262 0.000383
1263 0.000383
1264 0.000382
1265 0.000382
1266 0.000382
1267 0.000381
1268 0.000381
1269 0.000381
1270 0.000380
1271 0.000380
1272 0.000380
1273 0.000379
1274 0.000379
1275 0.000379
1276 0.000379
1277 0.000378
1278 0.000378
1279 0.000378
1280 0.000377
1281 0.000377
1282 0.000377
1283 0.000376
1284 0.000376
1285 0.000376
1286 0.000376
1287 0.000375
1288 0.000375
1289 0.000375
1290 0.000374
1291 0.000374
1292 0.000374
1293 0.000373
1294 0.000373
1295 0.000373
1296 0.000373
1297 0.000372
1298 0.000372
1299 0.000372
1300 0.000371
1301 0.000371
1302 0.000371
1303 0.000371
1304 0.000370
1305 0.000370
1306 0.000370
1307 0.000369
1308 0.000369
1309 0.000369
1310 0.000368
1311 0.000368
1312 0.000368
1313 0.000368
1314 0.000367
1315 0.000367
1316 0.000367
1317 0.000366
1318 0.000366
1319 0.000366
1320 0.000366
1321 0.000365
1322 0.000365
1323 0.000365
1324 0.000364
1325 0.000364
1326 0.000364
1327 0.000363
1328 0.000363
1329 0.000363
1330 0.000363
1331 0.000362
1332 0.000362
1333 0.000362
1334 0.000361
1335 0.000361
1336 0.000361
1337 0.000361
1338 0.000360
1339 0.000360
1340 0.000360
1341 0.000359
1342 0.000359
1343 0.000359
1344 0.000359
1345 0.000358
1346 0.000358
1347 0.000358
1348 0.000357
1349 0.000357
1350 0.000357
1351 0.000357
1352 0.000356
1353 0.000356
1354 0.000356
1355 0.000355
1356 0.000355
1357 0.000355
1358 0.000355
1359 0.000354
1360 0.000354
1361 0.000354
1362 0.000354
1363 0.000353
1364 0.000353
1365 0.000353
1366 0.000352
1367 0.000352
1368 0.000352
1369 0.000352
1370 0.000351
1371 0.000351
1372 0.000351
1373 0.000350
1374 0.000350
1375 0.000350
1376 0.000350
1377 0.000349
1378 0.000349
1379 0.000349
1380 0.000349
1381 0.000348
1382 0.000348
1383 0.000348
1384 0.000347
1385 0.000347
1386 0.000347
1387 0.000347
1388 0.000346
1389 0.000346
1390 0.000346
1391 0.000345
1392 0.000345
1393 0.000345
1394 0.000345
1395 0.000344
1396 0.000344
1397 0.000344
1398 0.000344
1399 0.000343
1400 0.000343
1401 0.000343
1402 0.000342
1403 0.000342
1404 0.000342
1405 0.000342
1406 0.000341
1407 0.000341
1408 0.000341
1409 0.000341
1410 0.000340
1411 0.000340
1412 0.000340
1413 0.000340
1414 0.000339
1415 0.000339
1416 0.000339
1417 0.000338
1418 0.000338
1419 0.000338
1420 0.000338
1421 0.000337
1422 0.000337
1423 0.000337
1424 0.000337
1425 0.000336
1426 0.000336
1427 0.000336
1428 0.000336
1429 0.000335
1430 0.000335
1431 0.000335
1432 0.000334
1433 0.000334
1434 0.000334
1435 0.000334
1436 0.000333
1437 0.000333
1438 0.000333
1439 0.000333
1440 0.000332
1441 0.000332
1442 0.000332
1443 0.000332
1444 0.000331
1445 0.000331
1446 0.000331
1447 0.000331
1448 0.000330
1449 0.000330
1450 0.000330
1451 0.000329
1452 0.000329
1453 0.000329
1454 0.000329
1455 0.000328
1456 0.000328
1457 0.000328
1458 0.000328
1459 0.000327
1460 0.000327
1461 0.000327
1462 0.000327
1463 0.000326
1464 0.000326
1465 0.000326
1466 0.000326
1467 0.000325
1468 0.000325
1469 0.000325
1470 0.000325
1471 0.000324
1472 0.000324
1473 0.000324
1474 0.000324
1475 0.000323
1476 0.000323
1477 0.000323
1478 0.000323
1479 0.000322
1480 0.000322
1481 0.000322
1482 0.000322
1483 0.000321
1484 0.000321
1485 0.000321
1486 0.000321
1487 0.000320
1488 0.000320
1489 0.000320
1490 0.000319
1491 0.000319
1492 0.000319
1493 0.000319
1494 0.000318
1495 0.000318
1496 0.000318
1497 0.000318
1498 0.000317
1499 0.000317
1500 0.000317
1501 0.000317
1502 0.000316
1503 0.000316
1504 0.000316
1505 0.000316
1506 0.000315
1507 0.000315
1508 0.000315
1509 0.000315
1510 0.000315
1511 0.000314
1512 0.000314
1513 0.000314
1514 0.000314
1515 0.000313
1516 0.000313
1517 0.000313
1518 0.000313
1519 0.000312
1520 0.000312
1521 0.000312
1522 0.000312
1523 0.000311
1524 0.000311
1525 0.000311
1526 0.000311
1527 0.000310
1528 0.000310
1529 0.000310
1530 0.000310
1531 0.000309
1532 0.000309
1533 0.000309
1534 0.000309
1535 0.000308
1536 0.000308
1537 0.000308
1538 0.000308
1539 0.000307
1540 0.000307
1541 0.000307
1542 0.000307
1543 0.000306
1544 0.000306
1545 0.000306
1546 0.000306
1547 0.000305
1548 0.000305
1549 0.000305
1550 0.000305
1551 0.000305
1552 0.000304
1553 0.000304
1554 0.000304
1555 0.000304
1556 0.000303
1557 0.000303
1558 0.000303
1559 0.000303
1560 0.000302
1561 0.000302
1562 0.000302
1563 0.000302
1564 0.000301
1565 0.000301
1566 0.000301
1567 0.000301
1568 0.000300
1569 0.000300
1570 0.000300
1571 0.000300
1572 0.000300
1573 0.000299
1574 0.000299
1575 0.000299
1576 0.000299
1577 0.000298
1578 0.000298
1579 0.000298
1580 0.000298
1581 0.000297
1582 0.000297
1583 0.000297
1584 0.000297
1585 0.000297
1586 0.000296
1587 0.000296
1588 0.000296
1589 0.000296
1590 0.000295
1591 0.000295
1592 0.000295
1593 0.000295
1594 0.000294
1595 0.000294
1596 0.000294
1597 0.000294
1598 0.000294
1599 0.000293
1600 0.000293
1601 0.000293
1602 0.000293
1603 0.000292
1604 0.000292
1605 0.000292
1606 0.000292
1607 0.000291
1608 0.000291
1609 0.000291
1610 0.000291
1611 0.000291
1612 0.000290
1613 0.000290
1614 0.000290
1615 0.000290
1616 0.000289
1617 0.000289
1618 0.000289
1619 0.000289
1620 0.000288
1621 0.000288
1622 0.000288
1623 0.000288
1624 0.000288
1625 0.000287
1626 0.000287
1627 0.000287
1628 0.000287
1629 0.000286
1630 0.000286
1631 0.000286
1632 0.000286
1633 0.000286
1634 0.000285
1635 0.000285
1636 0.000285
1637 0.000285
1638 0.000284
1639 0.000284
1640 0.000284
1641 0.000284
1642 0.000284
1643 0.000283
1644 0.000283
1645 0.000283
1646 0.000283
1647 0.000282
1648 0.000282
1649 0.000282
1650 0.000282
1651 0.000282
1652 0.000281
1653 0.000281
1654 0.000281
1655 0.000281
1656 0.000280
1657 0.000280
1658 0.000280
1659 0.000280
1660 0.000280
1661 0.000279
1662 0.000279
1663 0.000279
1664 0.000279
1665 0.000279
1666 0.000278
1667 0.000278
1668 0.000278
1669 0.000278
1670 0.000277
1671 0.000277
1672 0.000277
1673 0.000277
1674 0.000277
1675 0.000276
1676 0.000276
1677 0.000276
1678 0.000276
1679 0.000275
1680 0.000275
1681 0.000275
1682 0.000275
1683 0.000275
1684 0.000274
1685 0.000274
1686 0.000274
1687 0.000274
1688 0.000274
1689 0.000273
1690 0.000273
1691 0.000273
1692 0.000273
1693 0.000272
1694 0.000272
1695 0.000272
1696 0.000272
1697 0.000272
1698 0.000271
1699 0.000271
1700 0.000271
1701 0.000271
1702 0.000271
1703 0.000270
1704 0.000270
1705 0.000270
1706 0.000270
1707 0.000270
1708 0.000269
1709 0.000269
1710 0.000269
1711 0.000269
1712 0.000268
1713 0.000268
1714 0.000268
1715 0.000268
1716 0.000268
1717 0.000267
1718 0.000267
1719 0.000267
1720 0.000267
1721 0.000267
1722 0.000266
1723 0.000266
1724 0.000266
1725 0.000266
1726 0.000266
1727 0.000265
1728 0.000265
1729 0.000265
1730 0.000265
1731 0.000265
1732 0.000264
1733 0.000264
1734 0.000264
1735 0.000264
1736 0.000264
1737 0.000263
1738 0.000263
1739 0.000263
1740 0.000263
1741 0.000262
1742 0.000262
1743 0.000262
1744 0.000262
1745 0.000262
1746 0.000261
1747 0.000261
1748 0.000261
1749 0.000261
1750 0.000261
1751 0.000260
1752 0.000260
1753 0.000260
1754 0.000260
1755 0.000260
1756 0.000259
1757 0.000259
1758 0.000259
1759 0.000259
1760 0.000259
1761 0.000258
1762 0.000258
1763 0.000258
1764 0.000258
1765 0.000258
1766 0.000257
1767 0.000257
1768 0.000257
1769 0.000257
1770 0.000257
1771 0.000256
1772 0.000256
1773 0.000256
1774 0.000256
1775 0.000256
1776 0.000255
1777 0.000255
1778 0.000255
1779 0.000255
1780 0.000255
1781 0.000254
1782 0.000254
1783 0.000254
1784 0.000254
1785 0.000254
1786 0.000253
1787 0.000253
1788 0.000253
1789 0.000253
1790 0.000253
1791 0.000252
1792 0.000252
1793 0.000252
1794 0.000252
1795 0.000252
1796 0.000252
1797 0.000251
1798 0.000251
1799 0.000251
1800 0.000251
1801 0.000251
1802 0.000250
1803 0.000250
1804 0.000250
1805 0.000250
1806 0.000250
1807 0.000249
1808 0.000249
1809 0.000249
1810 0.000249
1811 0.000249
1812 0.000248
1813 0.000248
1814 0.000248
1815 0.000248
1816 0.000248
1817 0.000247
1818 0.000247
1819 0.000247
1820 0.000247
1821 0.000247
1822 0.000246
1823 0.000246
1824 0.000246
1825 0.000246
1826 0.000246
1827 0.000246
1828 0.000245
1829 0.000245
1830 0.000245
1831 0.000245
1832 0.000245
1833 0.000244
1834 0.000244
1835 0.000244
1836 0.000244
1837 0.000244
1838 0.000243
1839 0.000243
1840 0.000243
1841 0.000243
1842 0.000243
1843 0.000243
1844 0.000242
1845 0.000242
1846 0.000242
1847 0.000242
1848 0.000242
1849 0.000241
1850 0.000241
1851 0.000241
1852 0.000241
1853 0.000241
1854 0.000240
1855 0.000240
1856 0.000240
1857 0.000240
1858 0.000240
1859 0.000240
1860 0.000239
1861 0.000239
1862 0.000239
1863 0.000239
1864 0.000239
1865 0.000238
1866 0.000238
1867 0.000238
1868 0.000238
1869 0.000238
1870 0.000237
1871 0.000237
1872 0.000237
1873 0.000237
1874 0.000237
1875 0.000237
1876 0.000236
1877 0.000236
1878 0.000236
1879 0.000236
1880 0.000236
1881 0.000235
1882 0.000235
1883 0.000235
1884 0.000235
1885 0.000235
1886 0.000235
1887 0.000234
1888 0.000234
1889 0.000234
1890 0.000234
1891 0.000234
1892 0.000233
1893 0.000233
1894 0.000233
1895 0.000233
1896 0.000233
1897 0.000233
1898 0.000232
1899 0.000232
1900 0.000232
1901 0.000232
1902 0.000232
1903 0.000231
1904 0.000231
1905 0.000231
1906 0.000231
1907 0.000231
1908 0.000231
1909 0.000230
1910 0.000230
1911 0.000230
1912 0.000230
1913 0.000230
1914 0.000230
1915 0.000229
1916 0.000229
1917 0.000229
1918 0.000229
1919 0.000229
1920 0.000228
1921 0.000228
1922 0.000228
1923 0.000228
1924 0.000228
1925 0.000228
1926 0.000227
1927 0.000227
1928 0.000227
1929 0.000227
1930 0.000227
1931 0.000227
1932 0.000226
1933 0.000226
1934 0.000226
1935 0.000226
1936 0.000226
1937 0.000225
1938 0.000225
1939 0.000225
1940 0.000225
1941 0.000225
1942 0.000225
1943 0.000224
1944 0.000224
1945 0.000224
1946 0.000224
1947 0.000224
1948 0.000224
1949 0.000223
1950 0.000223
1951 0.000223
1952 0.000223
1953 0.000223
1954 0.000223
1955 0.000222
1956 0.000222
1957 0.000222
1958 0.000222
1959 0.000222
1960 0.000222
1961 0.000221
1962 0.000221
1963 0.000221
1964 0.000221
1965 0.000221
1966 0.000220
1967 0.000220
1968 0.000220
1969 0.000220
1970 0.000220
1971 0.000220
1972 0.000219
1973 0.000219
1974 0.000219
1975 0.000219
1976 0.000219
1977 0.000219
1978 0.000218
1979 0.000218
1980 0.000218
1981 0.000218
1982 0.000218
1983 0.000218
1984 0.000217
1985 0.000217
1986 0.000217
1987 0.000217
1988 0.000217
1989 0.000217
1990 0.000216
1991 0.000216
1992 0.000216
1993 0.000216
1994 0.000216
1995 0.000216
1996 0.000215
1997 0.000215
1998 0.000215
1999 0.000215
2000 0.000215
2001 0.000215
2002 0.000214
2003 0.000214
2004 0.000214
2005 0.000214
2006 0.000214
2007 0.000214
2008 0.000213
2009 0.000213
2010 0.000213
2011 0.000213
2012 0.000213
2013 0.000213
2014 0.000212
2015 0.000212
2016 0.000212
2017 0.000212
2018 0.000212
2019 0.000212
2020 0.000212
2021 0.000211
2022 0.000211
2023 0.000211
2024 0.000211
2025 0.000211
2026 0.000211
2027 0.000210
2028 0.000210
2029 0.000210
2030 0.000210
2031 0.000210
2032 0.000210
2033 0.000209
2034 0.000209
2035 0.000209
2036 0.000209
2037 0.000209
2038 0.000209
2039 0.000208
2040 0.000208
2041 0.000208
2042 0.000208
2043 0.000208
2044 0.000208
2045 0.000207
2046 0.000207
2047 0.000207
2048 0.000207
2049 0.000207
2050 0.000207
2051 0.000207
2052 0.000206
2053 0.000206
2054 0.000206
2055 0.000206
2056 0.000206
2057 0.000206
2058 0.000205
2059 0.000205
2060 0.000205
2061 0.000205
2062 0.000205
2063 0.000205
2064 0.000204
2065 0.000204
2066 0.000204
2067 0.000204
2068 0.000204
2069 0.000204
2070 0.000204
2071 0.000203
2072 0.000203
2073 0.000203
2074 0.000203
2075 0.000203
2076 0.000203
2077 0.000202
2078 0.000202
2079 0.000202
2080 0.000202
2081 0.000202
2082 0.000202
2083 0.000202
2084 0.000201
2085 0.000201
2086 0.000201
2087 0.000201
2088 0.000201
2089 0.000201
2090 0.000200
2091 0.000200
2092 0.000200
2093 0.000200
2094 0.000200
2095 0.000200
2096 0.000200
2097 0.000199
2098 0.000199
2099 0.000199
2100 0.000199
2101 0.000199
2102 0.000199
2103 0.000198
2104 0.000198
2105 0.000198
2106 0.000198
2107 0.000198
2108 0.000198
2109 0.000198
2110 0.000197
2111 0.000197
2112 0.000197
2113 0.000197
2114 0.000197
2115 0.000197
2116 0.000196
2117 0.000196
2118 0.000196
2119 0.000196
2120 0.000196
2121 0.000196
2122 0.000196
2123 0.000195
2124 0.000195
2125 0.000195
2126 0.000195
2127 0.000195
2128 0.000195
2129 0.000195
2130 0.000194
2131 0.000194
2132 0.000194
2133 0.000194
2134 0.000194
2135 0.000194
2136 0.000193
2137 0.000193
2138 0.000193
2139 0.000193
2140 0.000193
2141 0.000193
2142 0.000193
2143 0.000192
2144 0.000192
2145 0.000192
2146 0.000192
2147 0.000192
2148 0.000192
2149 0.000192
2150 0.000191
2151 0.000191
2152 0.000191
2153 0.000191
2154 0.000191
2155 0.000191
2156 0.000191
2157 0.000190
2158 0.000190
2159 0.000190
2160 0.000190
2161 0.000190
2162 0.000190
2163 0.000189
2164 0.000189
2165 0.000189
2166 0.000189
2167 0.000189
2168 0.000189
2169 0.000189
2170 0.000188
2171 0.000188
2172 0.000188
2173 0.000188
2174 0.000188
2175 0.000188
2176 0.000188
2177 0.000187
2178 0.000187
2179 0.000187
2180 0.000187
2181 0.000187
2182 0.000187
2183 0.000187
2184 0.000186
2185 0.000186
2186 0.000186
2187 0.000186
2188 0.000186
2189 0.000186
2190 0.000186
2191 0.000185
2192 0.000185
2193 0.000185
2194 0.000185
2195 0.000185
2196 0.000185
2197 0.000185
2198 0.000184
2199 0.000184
2200 0.000184
2201 0.000184
2202 0.000184
2203 0.000184
2204 0.000184
2205 0.000183
2206 0.000183
2207 0.000183
2208 0.000183
2209 0.000183
2210 0.000183
2211 0.000183
2212 0.000183
2213 0.000182
2214 0.000182
2215 0.000182
2216 0.000182
2217 0.000182
2218 0.000182
2219 0.000182
2220 0.000181
2221 0.000181
2222 0.000181
2223 0.000181
2224 0.000181
2225 0.000181
2226 0.000181
2227 0.000180
2228 0.000180
2229 0.000180
2230 0.000180
2231 0.000180
2232 0.000180
2233 0.000180
2234 0.000179
2235 0.000179
2236 0.000179
2237 0.000179
2238 0.000179
2239 0.000179
2240 0.000179
2241 0.000179
2242 0.000178
2243 0.000178
2244 0.000178
2245 0.000178
2246 0.000178
2247 0.000178
2248 0.000178
2249 0.000177
2250 0.000177
2251 0.000177
2252 0.000177
2253 0.000177
2254 0.000177
2255 0.000177
2256 0.000176
2257 0.000176
2258 0.000176
2259 0.000176
2260 0.000176
2261 0.000176
2262 0.000176
2263 0.000176
2264 0.000175
2265 0.000175
2266 0.000175
2267 0.000175
2268 0.000175
2269 0.000175
2270 0.000175
2271 0.000174
2272 0.000174
2273 0.000174
2274 0.000174
2275 0.000174
2276 0.000174
2277 0.000174
2278 0.000174
2279 0.000173
2280 0.000173
2281 0.000173
2282 0.000173
2283 0.000173
2284 0.000173
2285 0.000173
2286 0.000172
2287 0.000172
2288 0.000172
2289 0.000172
2290 0.000172
2291 0.000172
2292 0.000172
2293 0.000172
2294 0.000171
2295 0.000171
2296 0.000171
2297 0.000171
2298 0.000171
2299 0.000171
2300 0.000171
2301 0.000170
2302 0.000170
2303 0.000170
2304 0.000170
2305 0.000170
2306 0.000170
2307 0.000170
2308 0.000170
2309 0.000169
2310 0.000169
2311 0.000169
2312 0.000169
2313 0.000169
2314 0.000169
2315 0.000169
2316 0.000169
2317 0.000168
2318 0.000168
2319 0.000168
2320 0.000168
2321 0.000168
2322 0.000168
2323 0.000168
2324 0.000168
2325 0.000167
2326 0.000167
2327 0.000167
2328 0.000167
2329 0.000167
2330 0.000167
2331 0.000167
2332 0.000167
2333 0.000166
2334 0.000166
2335 0.000166
2336 0.000166
2337 0.000166
2338 0.000166
2339 0.000166
2340 0.000165
2341 0.000165
2342 0.000165
2343 0.000165
2344 0.000165
2345 0.000165
2346 0.000165
2347 0.000165
2348 0.000164
2349 0.000164
2350 0.000164
2351 0.000164
2352 0.000164
2353 0.000164
2354 0.000164
2355 0.000164
2356 0.000163
2357 0.000163
2358 0.000163
2359 0.000163
2360 0.000163
2361 0.000163
2362 0.000163
2363 0.000163
2364 0.000162
2365 0.000162
2366 0.000162
2367 0.000162
2368 0.000162
2369 0.000162
2370 0.000162
2371 0.000162
2372 0.000161
2373 0.000161
2374 0.000161
2375 0.000161
2376 0.000161
2377 0.000161
2378 0.000161
2379 0.000161
2380 0.000161
2381 0.000160
2382 0.000160
2383 0.000160
2384 0.000160
2385 0.000160
2386 0.000160
2387 0.000160
2388 0.000160
2389 0.000159
2390 0.000159
2391 0.000159
2392 0.000159
2393 0.000159
2394 0.000159
2395 0.000159
2396 0.000159
2397 0.000158
2398 0.000158
2399 0.000158
2400 0.000158
2401 0.000158
2402 0.000158
2403 0.000158
2404 0.000158
2405 0.000157
2406 0.000157
2407 0.000157
2408 0.000157
2409 0.000157
2410 0.000157
2411 0.000157
2412 0.000157
2413 0.000157
2414 0.000156
2415 0.000156
2416 0.000156
2417 0.000156
2418 0.000156
2419 0.000156
2420 0.000156
2421 0.000156
2422 0.000155
2423 0.000155
2424 0.000155
2425 0.000155
2426 0.000155
2427 0.000155
2428 0.000155
2429 0.000155
2430 0.000155
2431 0.000154
2432 0.000154
2433 0.000154
2434 0.000154
2435 0.000154
2436 0.000154
2437 0.000154
2438 0.000154
2439 0.000153
2440 0.000153
2441 0.000153
2442 0.000153
2443 0.000153
2444 0.000153
2445 0.000153
2446 0.000153
2447 0.000153
2448 0.000152
2449 0.000152
2450 0.000152
2451 0.000152
2452 0.000152
2453 0.000152
2454 0.000152
2455 0.000152
2456 0.000151
2457 0.000151
2458 0.000151
2459 0.000151
2460 0.000151
2461 0.000151
2462 0.000151
2463 0.000151
2464 0.000151
2465 0.000150
2466 0.000150
2467 0.000150
2468 0.000150
2469 0.000150
2470 0.000150
2471 0.000150
2472 0.000150
2473 0.000150
2474 0.000149
2475 0.000149
2476 0.000149
2477 0.000149
2478 0.000149
2479 0.000149
2480 0.000149
2481 0.000149
2482 0.000149
2483 0.000148
2484 0.000148
2485 0.000148
2486 0.000148
2487 0.000148
2488 0.000148
2489 0.000148
2490 0.000148
2491 0.000147
2492 0.000147
2493 0.000147
2494 0.000147
2495 0.000147
2496 0.000147
2497 0.000147
2498 0.000147
2499 0.000147
2500 0.000146
2501 0.000146
2502 0.000146
2503 0.000146
2504 0.000146
2505 0.000146
2506 0.000146
2507 0.000146
2508 0.000146
2509 0.000145
2510 0.000145
2511 0.000145
2512 0.000145
2513 0.000145
2514 0.000145
2515 0.000145
2516 0.000145
2517 0.000145
2518 0.000144
2519 0.000144
2520 0.000144
2521 0.000144
2522 0.000144
2523 0.000144
2524 0.000144
2525 0.000144
2526 0.000144
2527 0.000143
2528 0.000143
2529 0.000143
2530 0.000143
2531 0.000143
2532 0.000143
2533 0.000143
2534 0.000143
2535 0.000143
2536 0.000143
2537 0.000142
2538 0.000142
2539 0.000142
2540 0.000142
2541 0.000142
2542 0.000142
2543 0.000142
2544 0.000142
2545 0.000142
2546 0.000141
2547 0.000141
2548 0.000141
2549 0.000141
2550 0.000141
2551 0.000141
2552 0.000141
2553 0.000141
2554 0.000141
2555 0.000140
2556 0.000140
2557 0.000140
2558 0.000140
2559 0.000140
2560 0.000140
2561 0.000140
2562 0.000140
2563 0.000140
2564 0.000140
2565 0.000139
2566 0.000139
2567 0.000139
2568 0.000139
2569 0.000139
2570 0.000139
2571 0.000139
2572 0.000139
2573 0.000139
2574 0.000138
2575 0.000138
2576 0.000138
2577 0.000138
2578 0.000138
2579 0.000138
2580 0.000138
2581 0.000138
2582 0.000138
2583 0.000138
2584 0.000137
2585 0.000137
2586 0.000137
2587 0.000137
2588 0.000137
2589 0.000137
2590 0.000137
2591 0.000137
2592 0.000137
2593 0.000136
2594 0.000136
2595 0.000136
2596 0.000136
2597 0.000136
2598 0.000136
2599 0.000136
2600 0.000136
2601 0.000136
2602 0.000136
2603 0.000135
2604 0.000135
2605 0.000135
2606 0.000135
2607 0.000135
2608 0.000135
2609 0.000135
2610 0.000135
2611 0.000135
2612 0.000135
2613 0.000134
2614 0.000134
2615 0.000134
2616 0.000134
2617 0.000134
2618 0.000134
2619 0.000134
2620 0.000134
2621 0.000134
2622 0.000133
2623 0.000133
2624 0.000133
2625 0.000133
2626 0.000133
2627 0.000133
2628 0.000133
2629 0.000133
2630 0.000133
2631 0.000133
2632 0.000132
2633 0.000132
2634 0.000132
2635 0.000132
2636 0.000132
2637 0.000132
2638 0.000132
2639 0.000132
2640 0.000132
2641 0.000132
2642 0.000131
2643 0.000131
2644 0.000131
2645 0.000131
2646 0.000131
2647 0.000131
2648 0.000131
2649 0.000131
2650 0.000131
2651 0.000131
2652 0.000130
2653 0.000130
2654 0.000130
2655 0.000130
2656 0.000130
2657 0.000130
2658 0.000130
2659 0.000130
2660 0.000130
2661 0.000130
2662 0.000129
2663 0.000129
2664 0.000129
2665 0.000129
2666 0.000129
2667 0.000129
2668 0.000129
2669 0.000129
2670 0.000129
2671 0.000129
2672 0.000129
2673 0.000128
2674 0.000128
2675 0.000128
2676 0.000128
2677 0.000128
2678 0.000128
2679 0.000128
2680 0.000128
2681 0.000128
2682 0.000128
2683 0.000127
2684 0.000127
2685 0.000127
2686 0.000127
2687 0.000127
2688 0.000127
2689 0.000127
2690 0.000127
2691 0.000127
2692 0.000127
2693 0.000126
2694 0.000126
2695 0.000126
2696 0.000126
2697 0.000126
2698 0.000126
2699 0.000126
2700 0.000126
2701 0.000126
2702 0.000126
2703 0.000126
2704 0.000125
2705 0.000125
2706 0.000125
2707 0.000125
2708 0.000125
2709 0.000125
2710 0.000125
2711 0.000125
2712 0.000125
2713 0.000125
2714 0.000124
2715 0.000124
2716 0.000124
2717 0.000124
2718 0.000124
2719 0.000124
2720 0.000124
2721 0.000124
2722 0.000124
2723 0.000124
2724 0.000124
2725 0.000123
2726 0.000123
2727 0.000123
2728 0.000123
2729 0.000123
2730 0.000123
2731 0.000123
2732 0.000123
2733 0.000123
2734 0.000123
2735 0.000122
2736 0.000122
2737 0.000122
2738 0.000122
2739 0.000122
2740 0.000122
2741 0.000122
2742 0.000122
2743 0.000122
2744 0.000122
2745 0.000122
2746 0.000121
2747 0.000121
2748 0.000121
2749 0.000121
2750 0.000121
2751 0.000121
2752 0.000121
2753 0.000121
2754 0.000121
2755 0.000121
2756 0.000121
2757 0.000120
2758 0.000120
2759 0.000120
2760 0.000120
2761 0.000120
2762 0.000120
2763 0.000120
2764 0.000120
2765 0.000120
2766 0.000120
2767 0.000120
2768 0.000119
2769 0.000119
2770 0.000119
2771 0.000119
2772 0.000119
2773 0.000119
2774 0.000119
2775 0.000119
2776 0.000119
2777 0.000119
2778 0.000119
2779 0.000118
2780 0.000118
2781 0.000118
2782 0.000118
2783 0.000118
2784 0.000118
2785 0.000118
2786 0.000118
2787 0.000118
2788 0.000118
2789 0.000118
2790 0.000117
2791 0.000117
2792 0.000117
2793 0.000117
2794 0.000117
2795 0.000117
2796 0.000117
2797 0.000117
2798 0.000117
2799 0.000117
2800 0.000117
2801 0.000117
2802 0.000116
2803 0.000116
2804 0.000116
2805 0.000116
2806 0.000116
2807 0.000116
2808 0.000116
2809 0.000116
2810 0.000116
2811 0.000116
2812 0.000116
2813 0.000115
2814 0.000115
2815 0.000115
2816 0.000115
2817 0.000115
2818 0.000115
2819 0.000115
2820 0.000115
2821 0.000115
2822 0.000115
2823 0.000115
2824 0.000114
2825 0.000114
2826 0.000114
2827 0.000114
2828 0.000114
2829 0.000114
2830 0.000114
2831 0.000114
2832 0.000114
2833 0.000114
2834 0.000114
2835 0.000114
2836 0.000113
2837 0.000113
2838 0.000113
2839 0.000113
2840 0.000113
2841 0.000113
2842 0.000113
2843 0.000113
2844 0.000113
2845 0.000113
2846 0.000113
2847 0.000113
2848 0.000112
2849 0.000112
2850 0.000112
2851 0.000112
2852 0.000112
2853 0.000112
2854 0.000112
2855 0.000112
2856 0.000112
2857 0.000112
2858 0.000112
2859 0.000111
2860 0.000111
2861 0.000111
2862 0.000111
2863 0.000111
2864 0.000111
2865 0.000111
2866 0.000111
2867 0.000111
2868 0.000111
2869 0.000111
2870 0.000111
2871 0.000110
2872 0.000110
2873 0.000110
2874 0.000110
2875 0.000110
2876 0.000110
2877 0.000110
2878 0.000110
2879 0.000110
2880 0.000110
2881 0.000110
2882 0.000110
2883 0.000109
2884 0.000109
2885 0.000109
2886 0.000109
2887 0.000109
2888 0.000109
2889 0.000109
2890 0.000109
2891 0.000109
2892 0.000109
2893 0.000109
2894 0.000109
2895 0.000108
2896 0.000108
2897 0.000108
2898 0.000108
2899 0.000108
2900 0.000108
2901 0.000108
2902 0.000108
2903 0.000108
2904 0.000108
2905 0.000108
2906 0.000108
2907 0.000107
2908 0.000107
2909 0.000107
2910 0.000107
2911 0.000107
2912 0.000107
2913 0.000107
2914 0.000107
2915 0.000107
2916 0.000107
2917 0.000107
2918 0.000107
2919 0.000107
2920 0.000106
2921 0.000106
2922 0.000106
2923 0.000106
2924 0.000106
2925 0.000106
2926 0.000106
2927 0.000106
2928 0.000106
2929 0.000106
2930 0.000106
2931 0.000106
2932 0.000105
2933 0.000105
2934 0.000105
2935 0.000105
2936 0.000105
2937 0.000105
2938 0.000105
2939 0.000105
2940 0.000105
2941 0.000105
2942 0.000105
2943 0.000105
2944 0.000105
2945 0.000104
2946 0.000104
2947 0.000104
2948 0.000104
2949 0.000104
2950 0.000104
2951 0.000104
2952 0.000104
2953 0.000104
2954 0.000104
2955 0.000104
2956 0.000104
2957 0.000103
2958 0.000103
2959 0.000103
2960 0.000103
2961 0.000103
2962 0.000103
2963 0.000103
2964 0.000103
2965 0.000103
2966 0.000103
2967 0.000103
2968 0.000103
2969 0.000103
2970 0.000102
2971 0.000102
2972 0.000102
2973 0.000102
2974 0.000102
2975 0.000102
2976 0.000102
2977 0.000102
2978 0.000102
2979 0.000102
2980 0.000102
2981 0.000102
2982 0.000102
2983 0.000101
2984 0.000101
2985 0.000101
2986 0.000101
2987 0.000101
2988 0.000101
2989 0.000101
2990 0.000101
2991 0.000101
2992 0.000101
2993 0.000101
2994 0.000101
2995 0.000101
2996 0.000100
2997 0.000100
2998 0.000100
2999 0.000100
3000 0.000100
3001 0.000100
3002 0.000100
3003 0.000100
