2 2 400 1000 0.016419 0.003567 0.001961 0.007476 0.003276 
2 2 400 1000 0.017600 0.003433 0.002400 0.008478 0.003172 
2 2 400 1000 0.016934 0.004950 0.002831 0.005524 0.003516 
2 2 400 1000 0.015912 0.003822 0.002164 0.006284 0.003518 
2 2 400 1000 0.034943 0.007028 0.002486 0.021722 0.003557 
2 2 400 1000 0.015107 0.002643 0.001940 0.007181 0.003200 
2 2 400 1000 0.017785 0.003173 0.002601 0.008574 0.003283 
2 2 400 1000 0.012524 0.002813 0.001784 0.004624 0.003156 
2 2 400 1000 0.015681 0.003464 0.002283 0.006427 0.003371 
2 2 400 1000 0.016887 0.003863 0.002767 0.006074 0.004056 
2 2 400 1000 0.016401 0.004119 0.002368 0.006480 0.003294 
2 2 400 1000 0.018667 0.004750 0.002488 0.007562 0.003724 
2 2 400 1000 0.020073 0.005061 0.002704 0.008375 0.003725 
2 2 400 1000 0.014209 0.002839 0.001987 0.005895 0.003337 
2 2 400 1000 0.014329 0.002904 0.002307 0.005722 0.003249 
2 2 400 1000 0.015215 0.003455 0.002096 0.005802 0.003699 
2 2 400 1000 0.019375 0.004988 0.002595 0.007798 0.003871 
2 2 400 1000 0.015431 0.002810 0.002364 0.006767 0.003373 
2 2 400 1000 0.019530 0.004766 0.003358 0.007330 0.003968 
2 2 400 1000 0.016460 0.003626 0.002803 0.006778 0.003124 
2 2 400 1000 0.018548 0.003867 0.002295 0.007944 0.004304 
2 2 400 1000 0.018613 0.003835 0.002179 0.009178 0.003305 
2 2 400 1000 0.015930 0.003609 0.002123 0.006880 0.003176 
2 2 400 1000 0.016908 0.003893 0.002133 0.007024 0.003723 
2 2 400 1000 0.018623 0.004690 0.002276 0.007402 0.004121 
2 2 400 1000 0.022443 0.006387 0.002493 0.008336 0.005096 
2 2 400 1000 0.018111 0.004090 0.002920 0.007472 0.003501 
2 2 400 1000 0.018389 0.004419 0.003883 0.006700 0.003261 
2 2 400 1000 0.014737 0.002786 0.002439 0.006294 0.003058 
2 2 400 1000 0.014560 0.003780 0.001909 0.005714 0.003030 
2 2 400 1000 0.013304 0.003193 0.002309 0.004759 0.002905 
2 2 400 1000 0.015193 0.003726 0.002047 0.006154 0.003132 
2 2 400 1000 0.010967 0.002269 0.001888 0.003809 0.002845 
2 2 400 1000 0.012280 0.002335 0.001803 0.004854 0.003143 
2 2 400 1000 0.013412 0.003019 0.002112 0.005036 0.003082 
2 2 400 1000 0.011867 0.002578 0.001913 0.004497 0.002737 
2 2 400 2000 0.023643 0.005038 0.003514 0.008804 0.005973 
2 2 400 2000 0.024335 0.004872 0.003918 0.009160 0.006065 
2 2 400 2000 0.029412 0.006425 0.005579 0.009592 0.007504 
2 2 400 2000 0.026490 0.005783 0.004305 0.010151 0.005896 
2 2 400 2000 0.027674 0.006008 0.004239 0.011012 0.006108 
2 2 400 2000 0.024242 0.005174 0.004064 0.008603 0.006103 
2 2 400 2000 0.028390 0.005881 0.004761 0.011212 0.006261 
2 2 400 2000 0.036356 0.008519 0.004871 0.015990 0.006710 
2 2 400 2000 0.025683 0.005709 0.003873 0.009826 0.005943 
2 2 400 2000 0.025401 0.005145 0.004358 0.009078 0.006500 
2 2 400 2000 0.026796 0.007312 0.003593 0.009601 0.005941 
2 2 400 2000 0.031014 0.007851 0.004148 0.011992 0.006763 
2 2 400 3000 0.046190 0.010998 0.006482 0.018998 0.009262 
2 2 400 3000 0.035227 0.007866 0.005352 0.013122 0.008443 
2 2 400 3000 0.036211 0.007487 0.005514 0.013311 0.009445 
2 2 400 3000 0.034805 0.007774 0.005566 0.012050 0.008944 
2 2 400 3000 0.037137 0.008483 0.005708 0.013691 0.008765 
2 2 400 3000 0.035232 0.007768 0.005331 0.012459 0.009170 
2 2 400 3000 0.043391 0.009480 0.006385 0.017139 0.009936 
2 2 400 3000 0.045386 0.007907 0.005884 0.020693 0.010468 
2 2 400 3000 0.039752 0.008663 0.006102 0.015485 0.009091 
2 2 400 4000 0.051140 0.010477 0.007319 0.020510 0.012223 
2 2 400 4000 0.060080 0.011427 0.007349 0.020037 0.020599 
2 2 400 4000 0.052452 0.012155 0.007517 0.020055 0.012112 
2 2 400 4000 0.054588 0.015227 0.007890 0.018521 0.012291 
2 2 400 4000 0.056325 0.012464 0.008161 0.022908 0.012152 
2 2 400 4000 0.048829 0.010623 0.007287 0.018614 0.011688 
2 2 400 4000 0.048891 0.009978 0.007687 0.018228 0.012216 
2 2 400 4000 0.103576 0.023283 0.011270 0.049354 0.019128 
2 2 400 4000 0.052686 0.011670 0.007530 0.021220 0.011640 
2 2 400 4000 0.078300 0.019003 0.009407 0.032926 0.016412 
2 2 800 1500 0.045000 0.010140 0.006101 0.020323 0.008401 
2 2 800 1500 0.034690 0.007078 0.005045 0.014692 0.007744 
2 2 800 1500 0.032999 0.006689 0.004759 0.014002 0.007398 
2 2 800 1500 0.058461 0.012351 0.006983 0.029889 0.009354 
2 2 800 1500 0.049916 0.008688 0.005709 0.027617 0.007825 
2 2 800 1500 0.034220 0.006857 0.004804 0.014942 0.007532
2 2 800 1500 0.080518 0.018896 0.008534 0.036663 0.016633 
2 2 800 1500 0.063973 0.011820 0.007651 0.036003 0.008500 
2 2 800 1500 0.055300 0.011591 0.007166 0.027582 0.009067 
2 2 800 1500 0.052283 0.011192 0.006955 0.025634 0.008507 
2 2 800 1500 0.050811 0.010927 0.007461 0.023946 0.008514 
2 2 800 1500 0.066934 0.014231 0.008884 0.033228 0.010708 
2 2 800 1500 0.052229 0.012332 0.007118 0.024382 0.008465 
2 2 800 1500 0.052943 0.010747 0.006931 0.026479 0.008930  
2 2 800 1500 0.055791 0.011916 0.006583 0.027235 0.010169 
2 2 800 2000 0.075471 0.017532 0.009018 0.037484 0.011445 
2 2 800 2000 0.100365 0.029447 0.010702 0.045299 0.015133 
2 2 800 2000 0.073377 0.017695 0.009274 0.034848 0.011646 
2 2 800 2000 0.082312 0.017393 0.009427 0.042823 0.012768 
2 2 800 2000 0.087578 0.019952 0.010189 0.044992 0.012573 
2 2 800 1000 0.058699 0.018253 0.005993 0.025897 0.008678 
2 2 800 1000 0.032867 0.008987 0.004032 0.014582 0.005271 
2 2 800 1000 0.041809 0.011439 0.004969 0.019362 0.006024 
2 2 800 1000 0.031661 0.006495 0.004403 0.015228 0.005517 
2 2 800 1000 0.035685 0.008417 0.004137 0.017553 0.005639 
2 2 800 1000 0.045913 0.012177 0.004907 0.023079 0.005851 
2 2 800 500 0.019113 0.004411 0.002189 0.009731 0.002787 
2 2 800 500 0.015295 0.003121 0.002475 0.007101 0.002599 
2 2 800 500 0.018569 0.003901 0.002122 0.009588 0.002981 
2 2 800 500 0.017001 0.003426 0.002087 0.008853 0.002626 
2 2 800 500 0.016795 0.003032 0.002328 0.008837 0.002579 
2 2 800 500 0.017154 0.004233 0.002357 0.007778 0.002815 
2 2 800 500 0.018357 0.004523 0.002330 0.007819 0.003709 
2 2 800 500 0.021720 0.003933 0.003038 0.011451 0.003316 
2 2 800 500 0.024945 0.005483 0.003021 0.013067 0.003431 
2 2 800 500 0.028321 0.005850 0.003162 0.015805 0.003630
2 2 200 500 0.004628 0.001075 0.000692 0.001697 0.001086 
2 2 200 500 0.004054 0.000857 0.000684 0.001435 0.000997 
2 2 200 500 0.003621 0.000815 0.000696 0.001135 0.000900 
2 2 200 500 0.003856 0.000772 0.000676 0.001359 0.000968 
2 2 200 500 0.003865 0.000797 0.000660 0.001266 0.001035 
2 2 200 500 0.003631 0.000644 0.000555 0.001359 0.000986 
2 2 200 500 0.003335 0.000721 0.000682 0.000910 0.000937 
2 2 200 500 0.003350 0.000653 0.000621 0.001137 0.000862 
2 2 200 500 0.004195 0.000789 0.000685 0.001771 0.000842 
2 2 200 500 0.003774 0.000850 0.000643 0.001218 0.000967 
2 2 200 500 0.003397 0.000869 0.000745 0.000898 0.000817 
2 2 200 500 0.003762 0.000731 0.000630 0.001377 0.000947 
2 2 200 500 0.004227 0.000843 0.000619 0.001710 0.000970 
2 2 200 500 0.003658 0.000752 0.000643 0.001265 0.000918 
2 2 200 500 0.003664 0.000917 0.000727 0.001022 0.000918 
2 2 200 500 0.003988 0.000733 0.000613 0.001719 0.000844 
2 2 200 500 0.003880 0.000875 0.000624 0.001226 0.001057 
2 2 200 500 0.003796 0.000823 0.000655 0.001273 0.000958 
2 2 200 500 0.003748 0.000808 0.000665 0.001216 0.000973 
2 2 200 500 0.004088 0.001008 0.000699 0.001338 0.000957 
2 2 200 500 0.003879 0.000771 0.000739 0.001288 0.000994 
2 2 200 500 0.003552 0.000826 0.000645 0.001192 0.000811 
2 2 200 1500 0.009119 0.001842 0.001716 0.002811 0.002505 
2 2 200 1500 0.009727 0.002304 0.001818 0.002916 0.002455 
2 2 200 1500 0.010349 0.002045 0.001792 0.003603 0.002658 
2 2 200 1500 0.010170 0.001883 0.001629 0.003514 0.002879 
2 2 200 1500 0.010080 0.002271 0.001975 0.002944 0.002641 
2 2 200 1500 0.010949 0.002113 0.001851 0.004047 0.002685 
2 2 200 1500 0.009744 0.001935 0.001741 0.003249 0.002555 
2 2 200 1500 0.009744 0.002223 0.001828 0.002826 0.002625 
2 2 200 1500 0.009422 0.001906 0.001769 0.002942 0.002568 
2 2 200 1500 0.011801 0.002387 0.001979 0.004230 0.002958 
2 2 200 1500 0.011919 0.002680 0.002114 0.003910 0.002975 
2 2 200 1500 0.014282 0.002329 0.002023 0.006926 0.002751 
2 2 200 1500 0.013408 0.002672 0.002009 0.005518 0.002941 
2 2 200 1000 0.006677 0.001302 0.001131 0.002319 0.001744 
2 2 200 1000 0.007000 0.001443 0.001277 0.002413 0.001717 
2 2 200 1000 0.007755 0.001289 0.001101 0.003102 0.002053 
2 2 200 1000 0.008649 0.001676 0.001369 0.003294 0.002121 
2 2 200 1000 0.009916 0.002115 0.001877 0.003766 0.002039 
2 2 200 1000 0.008464 0.002272 0.001323 0.002848 0.001857 
2 2 200 1000 0.008756 0.002364 0.001356 0.002947 0.001924 
2 2 200 1000 0.008373 0.002235 0.001378 0.002641 0.001956 
2 2 200 1000 0.012419 0.001735 0.001432 0.006846 0.002232 
2 2 200 1000 0.007982 0.001502 0.001278 0.003155 0.001893 
2 2 200 1000 0.007958 0.001723 0.001396 0.002694 0.001965 
2 2 200 1000 0.007222 0.001511 0.001208 0.002438 0.001891 
2 2 200 1000 0.011067 0.002734 0.001894 0.003991 0.002179 
2 2 200 2000 0.015648 0.003016 0.002531 0.006084 0.003690 
2 2 200 2000 0.020892 0.006594 0.002938 0.006910 0.004107 
2 2 200 2000 0.023647 0.005743 0.003631 0.009393 0.004517 
2 2 200 2000 0.020872 0.005325 0.003093 0.007480 0.004659 
2 2 200 2000 0.018977 0.004758 0.002761 0.007194 0.003927 
2 2 200 2000 0.016443 0.003733 0.003082 0.005352 0.003937 
2 2 200 2000 0.017038 0.003884 0.003021 0.005878 0.003860 
2 2 200 2000 0.018877 0.003322 0.002889 0.008296 0.004022 
2 2 200 2000 0.018207 0.004681 0.003066 0.006058 0.004072 
2 2 200 2000 0.014126 0.003511 0.002749 0.004119 0.003427 
2 2 200 2000 0.018267 0.003609 0.003056 0.007568 0.003655 
2 2 200 2000 0.017766 0.003888 0.002752 0.006647 0.004144 
2 2 200 2000 0.017486 0.003489 0.002668 0.006766 0.004215 
2 2 200 2000 0.013180 0.002816 0.002518 0.004190 0.003345 
2 2 200 2000 0.020133 0.004238 0.003347 0.007884 0.004331 
2 2 200 2500 0.018340 0.004061 0.003008 0.006198 0.004648 
2 2 200 2500 0.020856 0.004855 0.003569 0.006866 0.005145 
2 2 200 2500 0.022781 0.005105 0.003358 0.009035 0.004852 
2 2 200 2500 0.023153 0.004613 0.003399 0.009812 0.005163 
2 2 200 2500 0.018521 0.004156 0.003279 0.006258 0.004424 
2 2 200 2500 0.026822 0.005449 0.004425 0.011323 0.005208 
2 2 200 2500 0.021175 0.005110 0.003638 0.007226 0.004809 
2 2 200 2500 0.021825 0.004824 0.003656 0.008149 0.004747 
2 2 200 2500 0.019240 0.003843 0.003312 0.006806 0.004868 
2 2 200 2500 0.020393 0.004677 0.003270 0.007032 0.005066 
2 2 200 2500 0.026913 0.007152 0.004188 0.009690 0.005422 
2 2 200 10 0.000141 0.000028 0.000023 0.000065 0.000024 
2 2 200 10 0.000090 0.000024 0.000021 0.000024 0.000020 
2 2 200 10 0.000090 0.000023 0.000021 0.000027 0.000018 
2 2 200 10 0.000077 0.000023 0.000013 0.000022 0.000016 
2 2 200 10 0.000081 0.000020 0.000013 0.000028 0.000018 
2 2 200 10 0.000085 0.000019 0.000016 0.000030 0.000019 
2 2 200 10 0.000083 0.000025 0.000017 0.000024 0.000016 
2 2 200 10 0.000083 0.000026 0.000015 0.000022 0.000018 
2 2 200 10 0.000275 0.000112 0.000024 0.000111 0.000027 
2 2 200 10 0.000112 0.000021 0.000040 0.000030 0.000020 
2 2 200 10 0.000088 0.000028 0.000015 0.000025 0.000019 
2 2 200 10 0.000130 0.000033 0.000027 0.000046 0.000024 
2 2 200 10 0.000116 0.000031 0.000021 0.000040 0.000023 
2 2 200 10 0.000090 0.000026 0.000016 0.000025 0.000021 
2 2 200 10 0.000081 0.000024 0.000016 0.000024 0.000016 
2 2 200 10 0.001230 0.000055 0.000032 0.000978 0.000164 
2 2 200 20 0.000161 0.000044 0.000026 0.000051 0.000036 
2 2 200 20 0.000166 0.000041 0.000034 0.000052 0.000035 
2 2 200 20 0.000131 0.000033 0.000026 0.000036 0.000033 
2 2 200 20 0.000146 0.000034 0.000025 0.000050 0.000032 
2 2 200 20 0.000169 0.000035 0.000029 0.000041 0.000061 
2 2 200 20 0.000136 0.000037 0.000030 0.000033 0.000034 
2 2 200 20 0.000138 0.000034 0.000026 0.000042 0.000032 
2 2 200 20 0.000189 0.000047 0.000029 0.000060 0.000050 
2 2 200 20 0.000141 0.000033 0.000027 0.000044 0.000034 
2 2 200 20 0.000264 0.000058 0.000057 0.000104 0.000041 
2 2 200 20 0.000147 0.000033 0.000036 0.000042 0.000033 
2 2 200 20 0.000167 0.000049 0.000026 0.000053 0.000036 
2 2 200 20 0.000206 0.000044 0.000030 0.000091 0.000037 
2 2 200 20 0.000148 0.000033 0.000027 0.000051 0.000033 
2 2 200 20 0.000172 0.000074 0.000026 0.000036 0.000033 
2 2 200 20 0.000136 0.000038 0.000029 0.000032 0.000034 
2 2 200 20 0.000152 0.000032 0.000028 0.000056 0.000032 
2 2 200 20 0.000171 0.000035 0.000027 0.000073 0.000033 
2 2 200 20 0.000143 0.000038 0.000026 0.000041 0.000034 
2 2 200 20 0.000212 0.000053 0.000034 0.000080 0.000043 
2 2 200 20 0.000168 0.000038 0.000040 0.000053 0.000034 
2 2 200 20 0.000139 0.000036 0.000028 0.000039 0.000032 
2 2 200 20 0.000227 0.000069 0.000042 0.000075 0.000037 
2 2 200 20 0.000177 0.000039 0.000030 0.000069 0.000036 
2 2 200 20 0.000206 0.000040 0.000031 0.000091 0.000041 
2 2 200 20 0.000137 0.000036 0.000025 0.000039 0.000034 
2 2 200 20 0.000153 0.000047 0.000030 0.000039 0.000032 
2 2 200 20 0.000236 0.000077 0.000036 0.000078 0.000042 
2 2 200 20 0.000155 0.000032 0.000028 0.000059 0.000033 
2 2 200 20 0.000194 0.000043 0.000032 0.000081 0.000035 
2 2 200 20 0.000137 0.000037 0.000027 0.000036 0.000033 
2 2 200 20 0.000135 0.000036 0.000026 0.000039 0.000032 
2 2 200 30 0.000256 0.000082 0.000040 0.000082 0.000048 
2 2 200 30 0.000200 0.000044 0.000041 0.000059 0.000051 
2 2 200 30 0.000250 0.000064 0.000047 0.000080 0.000054 
2 2 200 30 0.000323 0.000063 0.000090 0.000100 0.000064 
2 2 200 30 0.000197 0.000046 0.000038 0.000055 0.000052 
2 2 200 30 0.000245 0.000048 0.000044 0.000096 0.000052 
2 2 200 30 0.000260 0.000071 0.000041 0.000089 0.000054 
2 2 200 30 0.000236 0.000055 0.000050 0.000075 0.000051 
2 2 200 30 0.000238 0.000055 0.000045 0.000081 0.000053 
2 2 200 30 0.000196 0.000048 0.000041 0.000053 0.000049 
2 2 200 30 0.000206 0.000047 0.000036 0.000068 0.000050 
2 2 200 30 0.000307 0.000054 0.000040 0.000160 0.000049 
2 2 200 30 0.000194 0.000048 0.000040 0.000053 0.000048 
2 2 200 30 0.000246 0.000057 0.000040 0.000083 0.000061 
2 2 200 30 0.000199 0.000046 0.000037 0.000063 0.000047 
2 2 200 30 0.000224 0.000058 0.000037 0.000076 0.000047 
2 2 200 30 0.000268 0.000055 0.000040 0.000056 0.000112 
2 2 200 30 0.000199 0.000046 0.000043 0.000050 0.000056 
2 2 200 30 0.000243 0.000065 0.000047 0.000057 0.000069 
2 2 200 30 0.000202 0.000048 0.000039 0.000060 0.000051 
2 2 200 30 0.000239 0.000055 0.000048 0.000070 0.000062 
2 2 200 30 0.000219 0.000057 0.000040 0.000068 0.000050 
2 2 400 30 0.000390 0.000089 0.000068 0.000137 0.000092 
2 2 400 30 0.000531 0.000154 0.000064 0.000190 0.000118 
2 2 400 30 0.000713 0.000176 0.000143 0.000245 0.000145 
2 2 400 30 0.000494 0.000112 0.000074 0.000206 0.000096 
2 2 400 30 0.000618 0.000180 0.000097 0.000245 0.000093 
2 2 400 30 0.000386 0.000079 0.000066 0.000138 0.000099 
2 2 400 30 0.000312 0.000068 0.000061 0.000086 0.000079 
2 2 400 30 0.000408 0.000104 0.000063 0.000154 0.000083 
2 2 400 30 0.000452 0.000106 0.000076 0.000124 0.000141 
2 2 400 30 0.000614 0.000167 0.000107 0.000213 0.000123 
2 2 400 30 0.001147 0.000243 0.000076 0.000721 0.000102 
2 2 400 30 0.000562 0.000117 0.000092 0.000233 0.000116 
2 2 400 30 0.000355 0.000081 0.000061 0.000120 0.000089 
2 2 400 30 0.000457 0.000096 0.000076 0.000182 0.000098 
2 2 400 30 0.000334 0.000075 0.000061 0.000110 0.000083 
2 2 400 30 0.000883 0.000134 0.000072 0.000324 0.000348 
2 2 400 30 0.000342 0.000063 0.000055 0.000132 0.000088 
2 2 400 30 0.000351 0.000107 0.000062 0.000096 0.000081 
2 2 400 20 0.000228 0.000055 0.000043 0.000075 0.000053 
2 2 400 20 0.000276 0.000073 0.000044 0.000104 0.000053 
2 2 400 20 0.000310 0.000064 0.000048 0.000131 0.000064 
2 2 400 20 0.000348 0.000067 0.000053 0.000158 0.000067 
2 2 400 20 0.000215 0.000057 0.000040 0.000065 0.000051 
2 2 400 20 0.000305 0.000093 0.000046 0.000093 0.000070 
2 2 400 20 0.000271 0.000052 0.000037 0.000123 0.000056 
2 2 400 20 0.000279 0.000054 0.000040 0.000114 0.000069 
2 2 400 20 0.000201 0.000048 0.000040 0.000059 0.000051 
2 2 400 20 0.000212 0.000057 0.000044 0.000056 0.000052 
2 2 400 20 0.000370 0.000090 0.000053 0.000091 0.000133 
2 2 400 20 0.000223 0.000045 0.000042 0.000081 0.000053 
2 2 400 20 0.000259 0.000075 0.000041 0.000083 0.000056 
2 2 400 20 0.000303 0.000090 0.000050 0.000097 0.000063 
2 2 400 20 0.000394 0.000120 0.000054 0.000143 0.000073 
2 2 400 20 0.000280 0.000060 0.000041 0.000116 0.000060 
2 2 400 20 0.000571 0.000084 0.000043 0.000127 0.000313 
2 2 400 20 0.000818 0.000337 0.000112 0.000264 0.000103 
2 2 400 20 0.000236 0.000045 0.000037 0.000085 0.000066 
2 2 400 20 0.000346 0.000060 0.000044 0.000158 0.000082 
2 2 400 20 0.000277 0.000054 0.000041 0.000121 0.000058 
2 2 400 20 0.000289 0.000053 0.000038 0.000112 0.000082 
2 2 400 20 0.000230 0.000052 0.000038 0.000084 0.000052 
2 2 400 20 0.000324 0.000060 0.000038 0.000163 0.000059 
2 2 400 20 0.000342 0.000066 0.000046 0.000148 0.000069 
2 2 400 20 0.000447 0.000071 0.000048 0.000236 0.000088 
2 2 400 20 0.000276 0.000070 0.000042 0.000102 0.000060 
2 2 400 20 0.000500 0.000076 0.000060 0.000282 0.000079 
2 2 400 20 0.000232 0.000055 0.000034 0.000073 0.000067 
2 2 400 20 0.000318 0.000106 0.000054 0.000088 0.000067 
2 2 400 20 0.000503 0.000191 0.000061 0.000150 0.000097 
2 2 400 20 0.000223 0.000054 0.000046 0.000071 0.000050 
2 2 400 20 0.000230 0.000051 0.000036 0.000089 0.000052 
2 2 400 10 0.000180 0.000060 0.000026 0.000064 0.000029 
2 2 400 10 0.000167 0.000067 0.000023 0.000045 0.000030 
2 2 400 10 0.000129 0.000032 0.000020 0.000043 0.000032 
2 2 400 10 0.000142 0.000046 0.000030 0.000033 0.000030 
2 2 400 10 0.000145 0.000038 0.000020 0.000056 0.000030 
2 2 400 10 0.000198 0.000044 0.000029 0.000088 0.000035 
2 2 400 10 0.000171 0.000032 0.000032 0.000070 0.000035 
2 2 400 10 0.000266 0.000096 0.000082 0.000044 0.000043 
2 2 400 10 0.000201 0.000051 0.000028 0.000089 0.000032 
2 2 400 10 0.000227 0.000040 0.000024 0.000130 0.000031 
2 2 400 10 0.000135 0.000035 0.000024 0.000047 0.000028 
2 2 400 10 0.000151 0.000048 0.000027 0.000045 0.000029 
2 2 400 10 0.000730 0.000542 0.000027 0.000090 0.000069 
2 2 400 10 0.000140 0.000042 0.000026 0.000042 0.000028 
2 2 400 10 0.000147 0.000025 0.000019 0.000073 0.000028 
2 2 400 10 0.000135 0.000034 0.000022 0.000049 0.000029 
2 2 400 10 0.000192 0.000083 0.000026 0.000047 0.000035 
2 2 400 10 0.000167 0.000042 0.000023 0.000058 0.000042 
2 2 400 10 0.000193 0.000042 0.000023 0.000096 0.000030 
2 2 400 10 0.000136 0.000025 0.000030 0.000050 0.000029 
2 2 400 10 0.000120 0.000029 0.000018 0.000044 0.000028 
2 2 400 10 0.000126 0.000029 0.000024 0.000043 0.000028 
2 2 400 10 0.000159 0.000059 0.000026 0.000043 0.000029 
2 2 400 10 0.000236 0.000045 0.000030 0.000123 0.000038 
2 2 400 10 0.000157 0.000040 0.000025 0.000057 0.000033 
2 2 400 10 0.000436 0.000084 0.000041 0.000264 0.000046 
2 2 400 10 0.000152 0.000046 0.000026 0.000049 0.000030 
2 2 400 10 0.000164 0.000047 0.000022 0.000065 0.000029 
2 2 400 10 0.000176 0.000051 0.000024 0.000066 0.000035 
2 2 400 10 0.000116 0.000033 0.000024 0.000031 0.000027 
2 2 400 10 0.000732 0.000043 0.000030 0.000070 0.000587 
2 2 400 10 0.000119 0.000031 0.000019 0.000041 0.000025 
2 2 800 5 0.000371 0.000057 0.000029 0.000256 0.000029 
2 2 800 5 0.000173 0.000058 0.000034 0.000054 0.000026 
2 2 800 5 0.000167 0.000068 0.000021 0.000054 0.000024 
2 2 800 5 0.000135 0.000049 0.000022 0.000041 0.000022 
2 2 800 5 0.000145 0.000042 0.000024 0.000049 0.000030 
2 2 800 5 0.000128 0.000054 0.000021 0.000030 0.000023 
2 2 800 5 0.000144 0.000056 0.000023 0.000042 0.000023 
2 2 800 5 0.000139 0.000047 0.000022 0.000032 0.000038 
2 2 800 5 0.000154 0.000055 0.000023 0.000049 0.000026 
2 2 800 5 0.000191 0.000088 0.000026 0.000049 0.000026 
2 2 800 5 0.000127 0.000044 0.000025 0.000035 0.000023 
2 2 800 5 0.000203 0.000070 0.000031 0.000061 0.000042 
2 2 800 5 0.000134 0.000050 0.000028 0.000033 0.000023 
2 2 800 5 0.000226 0.000154 0.000022 0.000026 0.000024 
2 2 800 1 0.000040 0.000013 0.000009 0.000011 0.000006 
2 2 800 1 0.000051 0.000017 0.000010 0.000019 0.000007 
2 2 800 1 0.000077 0.000055 0.000010 0.000006 0.000006 
2 2 800 1 0.000046 0.000016 0.000009 0.000015 0.000006 
2 2 800 1 0.000063 0.000025 0.000011 0.000018 0.000008 
2 2 800 1 0.000040 0.000017 0.000010 0.000008 0.000006 
2 2 800 1 0.000042 0.000017 0.000009 0.000009 0.000006 
2 2 800 1 0.000078 0.000015 0.000051 0.000006 0.000007 
2 2 800 1 0.000043 0.000016 0.000009 0.000012 0.000006 
2 2 800 1 0.000089 0.000035 0.000016 0.000030 0.000008 
2 2 800 1 0.000070 0.000022 0.000013 0.000026 0.000010 
2 2 800 1 0.000060 0.000019 0.000010 0.000024 0.000008 
2 2 800 1 0.000052 0.000018 0.000014 0.000013 0.000007 
2 2 800 1 0.000042 0.000016 0.000010 0.000010 0.000006 
2 2 800 1 0.000121 0.000027 0.000015 0.000072 0.000009 
2 2 800 1 0.000046 0.000019 0.000014 0.000005 0.000007 
2 2 800 1 0.000046 0.000017 0.000011 0.000012 0.000006 
2 2 800 1 0.000058 0.000021 0.000014 0.000016 0.000007 
2 2 800 1 0.000043 0.000016 0.000010 0.000010 0.000006 
2 2 800 1 0.000041 0.000016 0.000014 0.000005 0.000006 
2 2 800 3 0.000190 0.000070 0.000024 0.000052 0.000045 
2 2 800 3 0.000181 0.000076 0.000038 0.000046 0.000021 
2 2 800 3 0.000172 0.000068 0.000042 0.000044 0.000019 
2 2 800 3 0.000096 0.000046 0.000018 0.000016 0.000015 
2 2 800 3 0.000133 0.000061 0.000022 0.000033 0.000016 
2 2 800 3 0.000148 0.000047 0.000019 0.000066 0.000016 
2 2 800 3 0.000108 0.000043 0.000024 0.000025 0.000016 
2 2 800 3 0.000157 0.000057 0.000052 0.000031 0.000017 
2 2 800 3 0.000109 0.000051 0.000018 0.000024 0.000016 
2 2 800 3 0.000146 0.000059 0.000020 0.000046 0.000020 
2 2 800 3 0.000225 0.000052 0.000106 0.000044 0.000022 
2 2 800 3 0.000163 0.000067 0.000023 0.000053 0.000020 
2 2 800 3 0.000093 0.000041 0.000018 0.000019 0.000015 
2 2 800 3 0.000150 0.000054 0.000022 0.000059 0.000015 
2 2 800 3 0.000187 0.000067 0.000026 0.000079 0.000015 
2 2 800 3 0.000156 0.000062 0.000023 0.000051 0.000020 
2 2 800 3 0.000129 0.000048 0.000018 0.000044 0.000019 
2 2 800 3 0.000211 0.000084 0.000032 0.000073 0.000022 
2 2 800 3 0.000160 0.000079 0.000036 0.000030 0.000015 
