51 1 0.048699
51 2 0.097444
51 3 0.146248
51 4 0.195150
51 5 0.244207
51 6 0.293380
51 7 0.342753
51 8 0.392269
51 9 0.441989
51 10 0.491839
51 11 0.541832
51 12 0.591883
51 13 0.641942
51 14 0.691831
51 15 0.741504
51 16 0.790669
51 17 0.839172
51 18 0.886672
51 19 0.932932
51 20 0.977435
51 21 1.019879
51 22 1.059749
51 23 1.096704
51 24 1.130304
51 25 1.160314
51 26 1.186440
51 27 1.208724
51 28 1.227193
51 29 1.242162
51 30 1.253896
51 31 1.262912
51 32 1.269634
51 33 1.274590
51 34 1.278161
51 35 1.280913
51 36 1.283111
51 37 1.285143
51 38 1.287249
51 39 1.289766
51 40 1.292787
51 41 1.296556
51 42 1.301120
51 43 1.306674
51 44 1.313220
51 45 1.320898
51 46 1.329686
51 47 1.339690
51 48 1.350863
51 49 1.363313
51 50 1.376978
51 51 1.391897
51 52 1.407983
51 53 1.425281
51 54 1.443666
51 55 1.463164
51 56 1.483641
51 57 1.505035
51 58 1.527171
51 59 1.549918
51 60 1.573045
51 61 1.596364
51 62 1.619537
51 63 1.642296
51 64 1.664151
51 65 1.684769
51 66 1.703551
51 67 1.720022
51 68 1.733503
51 69 1.743403
51 70 1.749025
51 71 1.749800
51 72 1.745034
51 73 1.734260
51 74 1.716989
51 75 1.692976
51 76 1.662124
51 77 1.624623
51 78 1.580722
51 79 1.531044
51 80 1.476176
51 81 1.416938
51 82 1.354014
51 83 1.288158
51 84 1.219964
51 85 1.150086
51 86 1.078966
51 87 1.007040
51 88 0.934557
51 89 0.861823
51 90 0.789017
51 91 0.716271
51 92 0.643668
51 93 0.571292
51 94 0.499164
51 95 0.427268
51 96 0.355629
51 97 0.284220
51 98 0.212975
51 99 0.141887
51 100 0.070921
52 1 0.047416
52 2 0.094843
52 3 0.142318
52 4 0.189882
52 5 0.237502
52 6 0.285246
52 7 0.333080
52 8 0.381008
52 9 0.429015
52 10 0.477096
52 11 0.525189
52 12 0.573232
52 13 0.621139
52 14 0.668818
52 15 0.716056
52 16 0.762776
52 17 0.808668
52 18 0.853583
52 19 0.897141
52 20 0.939135
52 21 0.979093
52 22 1.016785
52 23 1.051808
52 24 1.083971
52 25 1.112960
52 26 1.138674
52 27 1.161050
52 28 1.180227
52 29 1.196323
52 30 1.209688
52 31 1.220572
52 32 1.229420
52 33 1.236570
52 34 1.242499
52 35 1.247468
52 36 1.251898
52 37 1.255989
52 38 1.260096
52 39 1.264399
52 40 1.269136
52 41 1.274392
52 42 1.280375
52 43 1.287161
52 44 1.294857
52 45 1.303498
52 46 1.313194
52 47 1.323938
52 48 1.335818
52 49 1.348813
52 50 1.362990
52 51 1.378291
52 52 1.394746
52 53 1.412304
52 54 1.430948
52 55 1.450614
52 56 1.471272
52 57 1.492783
52 58 1.515097
52 59 1.538003
52 60 1.561387
52 61 1.584996
52 62 1.608657
52 63 1.631975
52 64 1.654716
52 65 1.676386
52 66 1.696630
52 67 1.714834
52 68 1.730496
52 69 1.742902
52 70 1.751426
52 71 1.755279
52 72 1.753800
52 73 1.746182
52 74 1.731835
52 75 1.710271
52 76 1.681299
52 77 1.644860
52 78 1.601414
52 79 1.551447
52 80 1.495820
52 81 1.435360
52 82 1.371026
52 83 1.303571
52 84 1.233821
52 85 1.162362
52 86 1.089798
52 87 1.016477
52 88 0.942788
52 89 0.868947
52 90 0.795145
52 91 0.721501
52 92 0.648131
52 93 0.575055
52 94 0.502297
52 95 0.429840
52 96 0.357700
52 97 0.285824
52 98 0.214151
52 99 0.142662
52 100 0.071298
53 1 0.046085
53 2 0.092186
53 3 0.138325
53 4 0.184508
53 5 0.230729
53 6 0.276974
53 7 0.323326
53 8 0.369649
53 9 0.416004
53 10 0.462327
53 11 0.508599
53 12 0.554708
53 13 0.600596
53 14 0.646125
53 15 0.691217
53 16 0.735629
53 17 0.779237
53 18 0.821765
53 19 0.863051
53 20 0.902738
53 21 0.940642
53 22 0.976407
53 23 1.009880
53 24 1.040745
53 25 1.068905
53 26 1.094178
53 27 1.116631
53 28 1.136263
53 29 1.153294
53 30 1.167881
53 31 1.180308
53 32 1.190865
53 33 1.199904
53 34 1.207694
53 35 1.214641
53 36 1.220931
53 37 1.226882
53 38 1.232703
53 39 1.238665
53 40 1.244886
53 41 1.251571
53 42 1.258805
53 43 1.266776
53 44 1.275481
53 45 1.285096
53 46 1.295605
53 47 1.307100
53 48 1.319597
53 49 1.333194
53 50 1.347833
53 51 1.363580
53 52 1.380386
53 53 1.398266
53 54 1.417173
53 55 1.437121
53 56 1.458012
53 57 1.479789
53 58 1.502371
53 59 1.525648
53 60 1.549446
53 61 1.573651
53 62 1.598019
53 63 1.622337
53 64 1.646260
53 65 1.669543
53 66 1.691665
53 67 1.712239
53 68 1.730656
53 69 1.746335
53 70 1.758435
53 71 1.766192
53 72 1.768623
53 73 1.764843
53 74 1.753890
53 75 1.735042
53 76 1.707820
53 77 1.672239
53 78 1.628544
53 79 1.577572
53 80 1.520249
53 81 1.457727
53 82 1.391066
53 83 1.321332
53 84 1.249321
53 85 1.175812
53 86 1.101315
53 87 1.026344
53 88 0.951148
53 89 0.876009
53 90 0.801085
53 91 0.726497
53 92 0.652283
53 93 0.578484
53 94 0.505111
53 95 0.432111
53 96 0.359495
53 97 0.287203
53 98 0.215152
53 99 0.143311
53 100 0.071623
54 1 0.044760
54 2 0.089509
54 3 0.134275
54 4 0.179089
54 5 0.223870
54 6 0.268700
54 7 0.313509
54 8 0.358294
54 9 0.403004
54 10 0.447647
54 11 0.492130
54 12 0.536405
54 13 0.580384
54 14 0.623977
54 15 0.666969
54 16 0.709337
54 17 0.750806
54 18 0.791270
54 19 0.830464
54 20 0.868207
54 21 0.904254
54 22 0.938452
54 23 0.970481
54 24 1.000273
54 25 1.027667
54 26 1.052577
54 27 1.074980
54 28 1.094991
54 29 1.112683
54 30 1.128265
54 31 1.141883
54 32 1.153856
54 33 1.164404
54 34 1.173859
54 35 1.182395
54 36 1.190343
54 37 1.197863
54 38 1.205228
54 39 1.212612
54 40 1.220207
54 41 1.228147
54 42 1.236561
54 43 1.245575
54 44 1.255285
54 45 1.265740
54 46 1.277052
54 47 1.289225
54 48 1.302369
54 49 1.316481
54 50 1.331623
54 51 1.347772
54 52 1.364973
54 53 1.383178
54 54 1.402422
54 55 1.422653
54 56 1.443878
54 57 1.465988
54 58 1.488996
54 59 1.512727
54 60 1.537144
54 61 1.562096
54 62 1.587484
54 63 1.613016
54 64 1.638555
54 65 1.663730
54 66 1.688324
54 67 1.711764
54 68 1.733655
54 69 1.753252
54 70 1.769847
54 71 1.782347
54 72 1.789723
54 73 1.790619
54 74 1.783835
54 75 1.768135
54 76 1.742833
54 77 1.707588
54 78 1.663017
54 79 1.609973
54 80 1.549912
54 81 1.484167
54 82 1.414256
54 83 1.341309
54 84 1.266389
54 85 1.190176
54 86 1.113385
54 87 1.036354
54 88 0.959467
54 89 0.882858
54 90 0.806720
54 91 0.731089
54 92 0.656035
54 93 0.581508
54 94 0.507523
54 95 0.434028
54 96 0.360987
54 97 0.288312
54 98 0.215959
54 99 0.143833
54 100 0.071872
55 1 0.043410
55 2 0.086825
55 3 0.130238
55 4 0.173646
55 5 0.217045
55 6 0.260391
55 7 0.303732
55 8 0.346963
55 9 0.390116
55 10 0.433096
55 11 0.475891
55 12 0.518410
55 13 0.560586
55 14 0.602299
55 15 0.643441
55 16 0.683865
55 17 0.723471
55 18 0.762003
55 19 0.799373
55 20 0.835347
55 21 0.869825
55 22 0.902533
55 23 0.933397
55 24 0.962197
55 25 0.988897
55 26 1.013407
55 27 1.035775
55 28 1.056001
55 29 1.074211
55 30 1.090549
55 31 1.105165
55 32 1.118258
55 33 1.130098
55 34 1.140850
55 35 1.150818
55 36 1.160122
55 37 1.169036
55 38 1.177729
55 39 1.186399
55 40 1.195187
55 41 1.204257
55 42 1.213716
55 43 1.223706
55 44 1.234281
55 45 1.245560
55 46 1.257572
55 47 1.270415
55 48 1.284123
55 49 1.298785
55 50 1.314360
55 51 1.330946
55 52 1.348500
55 53 1.367071
55 54 1.386640
55 55 1.407231
55 56 1.428801
55 57 1.451345
55 58 1.474806
55 59 1.499158
55 60 1.524289
55 61 1.550196
55 62 1.576704
55 63 1.603748
55 64 1.631101
55 65 1.658648
55 66 1.686001
55 67 1.712926
55 68 1.738861
55 69 1.763288
55 70 1.785242
55 71 1.803699
55 72 1.817211
55 73 1.824154
55 74 1.822614
55 75 1.810925
55 76 1.787633
55 77 1.752434
55 78 1.705844
55 79 1.649477
55 80 1.585127
55 81 1.514876
55 82 1.440414
55 83 1.363336
55 84 1.284629
55 85 1.205221
55 86 1.125604
55 87 1.046282
55 88 0.967437
55 89 0.889270
55 90 0.811801
55 91 0.735138
55 92 0.659195
55 93 0.583982
55 94 0.509429
55 95 0.435496
55 96 0.362077
55 97 0.289129
55 98 0.216522
55 99 0.144191
55 100 0.072045
56 1 0.042066
56 2 0.084133
56 3 0.126188
56 4 0.168231
56 5 0.210199
56 6 0.252158
56 7 0.293997
56 8 0.335762
56 9 0.377344
56 10 0.418763
56 11 0.459902
56 12 0.500772
56 13 0.541230
56 14 0.581218
56 15 0.620589
56 16 0.659279
56 17 0.697093
56 18 0.733953
56 19 0.769636
56 20 0.804073
56 21 0.837077
56 22 0.868561
56 23 0.898284
56 24 0.926227
56 25 0.952270
56 26 0.976439
56 27 0.998662
56 28 1.019034
56 29 1.037624
56 30 1.054553
56 31 1.069919
56 32 1.083969
56 33 1.096819
56 34 1.108724
56 35 1.119805
56 36 1.130323
56 37 1.140405
56 38 1.150261
56 39 1.160026
56 40 1.169895
56 41 1.179955
56 42 1.190373
56 43 1.201205
56 44 1.212614
56 45 1.224596
56 46 1.237295
56 47 1.250715
56 48 1.264982
56 49 1.280089
56 50 1.296143
56 51 1.313101
56 52 1.331045
56 53 1.349946
56 54 1.369878
56 55 1.390811
56 56 1.412783
56 57 1.435768
56 58 1.459765
56 59 1.484743
56 60 1.510718
56 61 1.537626
56 62 1.565451
56 63 1.594113
56 64 1.623573
56 65 1.653625
56 66 1.684208
56 67 1.714990
56 68 1.745708
56 69 1.775676
56 70 1.804173
56 71 1.829922
56 72 1.851321
56 73 1.866081
56 74 1.871669
56 75 1.865182
56 76 1.844475
56 77 1.808568
56 78 1.758593
56 79 1.696838
56 80 1.626334
56 81 1.549684
56 82 1.469321
56 83 1.386881
56 84 1.303659
56 85 1.220351
56 86 1.137611
56 87 1.055671
56 88 0.974777
56 89 0.894897
56 90 0.816137
56 91 0.738397
56 92 0.661651
56 93 0.585787
56 94 0.510735
56 95 0.436425
56 96 0.362738
56 97 0.289557
56 98 0.216813
56 99 0.144359
56 100 0.072122
57 1 0.040732
57 2 0.081457
57 3 0.122171
57 4 0.162823
57 5 0.203455
57 6 0.243965
57 7 0.284400
57 8 0.324672
57 9 0.364788
57 10 0.404647
57 11 0.444257
57 12 0.483507
57 13 0.522375
57 14 0.560705
57 15 0.598467
57 16 0.635493
57 17 0.671731
57 18 0.706990
57 19 0.741214
57 20 0.774213
57 21 0.805952
57 22 0.836230
57 23 0.865003
57 24 0.892109
57 25 0.917587
57 26 0.941345
57 27 0.963446
57 28 0.983860
57 29 1.002711
57 30 1.020046
57 31 1.036067
57 32 1.050819
57 33 1.064547
57 34 1.077327
57 35 1.089422
57 36 1.100908
57 37 1.112013
57 38 1.122841
57 39 1.133599
57 40 1.144378
57 41 1.155338
57 42 1.166560
57 43 1.178201
57 44 1.190286
57 45 1.202960
57 46 1.216226
57 47 1.230221
57 48 1.244948
57 49 1.260533
57 50 1.276952
57 51 1.294310
57 52 1.312578
57 53 1.331843
57 54 1.352083
57 55 1.373382
57 56 1.395727
57 57 1.419179
57 58 1.443712
57 59 1.469383
57 60 1.496178
57 61 1.524169
57 62 1.553334
57 63 1.583737
57 64 1.615329
57 65 1.648164
57 66 1.682130
57 67 1.717257
57 68 1.753179
57 69 1.789620
57 70 1.825779
57 71 1.860556
57 72 1.891974
57 73 1.917308
57 74 1.932679
57 75 1.933777
57 76 1.916400
57 77 1.878870
57 78 1.823006
57 79 1.753086
57 80 1.673519
57 81 1.588306
57 82 1.500222
57 83 1.411310
57 84 1.322635
57 85 1.235020
57 86 1.148754
57 87 1.064096
57 88 0.980991
57 89 0.899491
57 90 0.819398
57 91 0.740693
57 92 0.663179
57 93 0.586765
57 94 0.511328
57 95 0.436738
57 96 0.362862
57 97 0.289600
57 98 0.216779
57 99 0.144323
57 100 0.072100
58 1 0.039411
58 2 0.078814
58 3 0.118182
58 4 0.157509
58 5 0.196741
58 6 0.235908
58 7 0.274905
58 8 0.313771
58 9 0.352414
58 10 0.390837
58 11 0.428924
58 12 0.466681
58 13 0.503990
58 14 0.540817
58 15 0.577024
58 16 0.612555
58 17 0.647272
58 18 0.681136
58 19 0.713937
58 20 0.745704
58 21 0.776219
58 22 0.805456
58 23 0.833273
58 24 0.859674
58 25 0.884540
58 26 0.907952
58 27 0.929839
58 28 0.950260
58 29 0.969251
58 30 0.986940
58 31 1.003379
58 32 1.018765
58 33 1.033121
58 34 1.046701
58 35 1.059558
58 36 1.071917
58 37 1.083836
58 38 1.095548
58 39 1.107113
58 40 1.118717
58 41 1.130408
58 42 1.142381
58 43 1.154669
58 44 1.167426
58 45 1.180644
58 46 1.194479
58 47 1.208924
58 48 1.224126
58 49 1.240071
58 50 1.256889
58 51 1.274545
58 52 1.293148
58 53 1.312696
58 54 1.333270
58 55 1.354880
58 56 1.377613
58 57 1.401476
58 58 1.426552
58 59 1.452859
58 60 1.480494
58 61 1.509513
58 62 1.540020
58 63 1.572103
58 64 1.605905
58 65 1.641481
58 66 1.679026
58 67 1.718577
58 68 1.760243
58 69 1.803779
58 70 1.848845
58 71 1.894470
58 72 1.938789
58 73 1.978395
58 74 2.008152
58 75 2.020729
58 76 2.008544
58 77 1.967437
58 78 1.901627
58 79 1.818826
58 80 1.726452
58 81 1.629719
58 82 1.532076
58 83 1.435367
58 84 1.340651
58 85 1.248260
58 86 1.158375
58 87 1.070889
58 88 0.985718
58 89 0.902579
58 90 0.821335
58 91 0.741733
58 92 0.663616
58 93 0.586787
58 94 0.511081
58 95 0.436332
58 96 0.362414
58 97 0.289152
58 98 0.216408
58 99 0.144050
58 100 0.071962
59 1 0.038094
59 2 0.076188
59 3 0.114254
59 4 0.152238
59 5 0.190161
59 6 0.227931
59 7 0.265608
59 8 0.303054
59 9 0.340326
59 10 0.377293
59 11 0.413982
59 12 0.450261
59 13 0.486148
59 14 0.521496
59 15 0.556286
59 16 0.590384
59 17 0.623747
59 18 0.656228
59 19 0.687837
59 20 0.718351
59 21 0.747792
59 22 0.776020
59 23 0.803017
59 24 0.828660
59 25 0.853042
59 26 0.876013
59 27 0.897701
59 28 0.918030
59 29 0.937129
59 30 0.955003
59 31 0.971835
59 32 0.987617
59 33 1.002574
59 34 1.016698
59 35 1.030252
59 36 1.043266
59 37 1.055939
59 38 1.068316
59 39 1.080634
59 40 1.092891
59 41 1.105276
59 42 1.117839
59 43 1.130760
59 44 1.144007
59 45 1.157783
59 46 1.172047
59 47 1.186945
59 48 1.202486
59 49 1.218813
59 50 1.235908
59 51 1.253894
59 52 1.272741
59 53 1.292575
59 54 1.313383
59 55 1.335304
59 56 1.358345
59 57 1.382603
59 58 1.408132
59 59 1.435029
59 60 1.463396
59 61 1.493377
59 62 1.525124
59 63 1.558801
59 64 1.594629
59 65 1.632890
59 66 1.673835
59 67 1.717889
59 68 1.765302
59 69 1.816432
59 70 1.871348
59 71 1.929763
59 72 1.990206
59 73 2.049443
59 74 2.100694
59 75 2.132567
59 76 2.129533
59 77 2.080765
59 78 1.997147
59 79 1.894287
59 80 1.783664
59 81 1.672100
59 82 1.562905
59 83 1.457525
59 84 1.356254
59 85 1.259055
59 86 1.165577
59 87 1.075489
59 88 0.988338
59 89 0.903830
59 90 0.821582
59 91 0.741317
59 92 0.662771
59 93 0.585678
59 94 0.509880
59 95 0.435128
59 96 0.361299
59 97 0.288201
59 98 0.215643
59 99 0.143523
59 100 0.071697
60 1 0.036821
60 2 0.073622
60 3 0.110370
60 4 0.147073
60 5 0.183659
60 6 0.220145
60 7 0.256468
60 8 0.292584
60 9 0.328472
60 10 0.364096
60 11 0.399386
60 12 0.434310
60 13 0.468795
60 14 0.502801
60 15 0.536191
60 16 0.568986
60 17 0.601037
60 18 0.632316
60 19 0.662695
60 20 0.692161
60 21 0.720545
60 22 0.747865
60 23 0.774014
60 24 0.799051
60 25 0.822837
60 26 0.845459
60 27 0.866842
60 28 0.887092
60 29 0.906151
60 30 0.924212
60 31 0.941221
60 32 0.957397
60 33 0.972707
60 34 0.987374
60 35 1.001418
60 36 1.015030
60 37 1.028241
60 38 1.041266
60 39 1.054138
60 40 1.066993
60 41 1.079919
60 42 1.093030
60 43 1.106422
60 44 1.120186
60 45 1.134337
60 46 1.149030
60 47 1.164247
60 48 1.180149
60 49 1.196729
60 50 1.214114
60 51 1.232293
60 52 1.251381
60 53 1.271404
60 54 1.292455
60 55 1.314569
60 56 1.337888
60 57 1.362420
60 58 1.388361
60 59 1.415723
60 60 1.444714
60 61 1.475487
60 62 1.508280
60 63 1.543317
60 64 1.580949
60 65 1.621536
60 66 1.665627
60 67 1.713746
60 68 1.766702
60 69 1.825263
60 70 1.890435
60 71 1.962929
60 72 2.042897
60 73 2.128371
60 74 2.212725
60 75 2.279251
60 76 2.296276
60 77 2.228863
60 78 2.111996
60 79 1.977410
60 80 1.841873
60 81 1.712090
60 82 1.590012
60 83 1.475507
60 84 1.367858
60 85 1.266119
60 86 1.169451
60 87 1.077084
60 88 0.988394
60 89 0.902806
60 90 0.819861
60 91 0.739182
60 92 0.660429
60 93 0.583322
60 94 0.507605
60 95 0.433039
60 96 0.359460
60 97 0.286669
60 98 0.214464
60 99 0.142729
60 100 0.071291
61 1 0.035553
61 2 0.071096
61 3 0.106583
61 4 0.142008
61 5 0.177325
61 6 0.212490
61 7 0.247519
61 8 0.282329
61 9 0.316920
61 10 0.351216
61 11 0.385197
61 12 0.418785
61 13 0.451968
61 14 0.484652
61 15 0.516776
61 16 0.548304
61 17 0.579172
61 18 0.609250
61 19 0.638560
61 20 0.666928
61 21 0.694386
61 22 0.720810
61 23 0.746231
61 24 0.770558
61 25 0.793880
61 26 0.816033
61 27 0.837176
61 28 0.857215
61 29 0.876288
61 30 0.894359
61 31 0.911569
61 32 0.927916
61 33 0.943597
61 34 0.958586
61 35 0.973076
61 36 0.987108
61 37 1.000829
61 38 1.014307
61 39 1.027693
61 40 1.041007
61 41 1.054414
61 42 1.067942
61 43 1.081766
61 44 1.095876
61 45 1.110423
61 46 1.125406
61 47 1.140946
61 48 1.157069
61 49 1.173908
61 50 1.191450
61 51 1.209833
61 52 1.229056
61 53 1.249234
61 54 1.270406
61 55 1.292690
61 56 1.316159
61 57 1.340927
61 58 1.367091
61 59 1.394811
61 60 1.424229
61 61 1.455617
61 62 1.489173
61 63 1.525262
61 64 1.564255
61 65 1.606739
61 66 1.653275
61 67 1.704797
61 68 1.762385
61 69 1.827561
61 70 1.902154
61 71 1.988719
61 72 2.090005
61 73 2.208484
61 74 2.342508
61 75 2.475515
61 76 2.547386
61 77 2.426480
61 78 2.244481
61 79 2.061553
61 80 1.894327
61 81 1.744426
61 82 1.609482
61 83 1.486668
61 84 1.373524
61 85 1.268131
61 86 1.169028
61 87 1.075069
61 88 0.985337
61 89 0.899126
61 90 0.815882
61 91 0.735125
61 92 0.656465
61 93 0.579572
61 94 0.504165
61 95 0.429995
61 96 0.356848
61 97 0.284532
61 98 0.212842
61 99 0.141631
61 100 0.070740
62 1 0.034321
62 2 0.068607
62 3 0.102858
62 4 0.137040
62 5 0.171094
62 6 0.205028
62 7 0.238787
62 8 0.272337
62 9 0.305646
62 10 0.338669
62 11 0.371368
62 12 0.403715
62 13 0.435634
62 14 0.467072
62 15 0.497966
62 16 0.528337
62 17 0.558030
62 18 0.587021
62 19 0.615253
62 20 0.642675
62 21 0.669184
62 22 0.694812
62 23 0.719472
62 24 0.743227
62 25 0.765969
62 26 0.787758
62 27 0.808522
62 28 0.828410
62 29 0.847332
62 30 0.865435
62 31 0.882665
62 32 0.899218
62 33 0.915066
62 34 0.930371
62 35 0.945142
62 36 0.959536
62 37 0.973613
62 38 0.987506
62 39 1.001242
62 40 1.014970
62 41 1.028737
62 42 1.042641
62 43 1.056767
62 44 1.071221
62 45 1.086013
62 46 1.101274
62 47 1.117011
62 48 1.133349
62 49 1.150312
62 50 1.168018
62 51 1.186484
62 52 1.205819
62 53 1.226049
62 54 1.247293
62 55 1.269613
62 56 1.293159
62 57 1.317987
62 58 1.344287
62 59 1.372146
62 60 1.401832
62 61 1.433513
62 62 1.467556
62 63 1.504254
62 64 1.544164
62 65 1.587769
62 66 1.635979
62 67 1.689727
62 68 1.750565
62 69 1.820322
62 70 1.902006
62 71 1.999679
62 72 2.119990
62 73 2.272950
62 74 2.473382
62 75 2.732838
62 76 2.991349
62 77 2.685111
62 78 2.377974
62 79 2.129953
62 80 1.929477
62 81 1.761804
62 82 1.616870
62 83 1.488150
62 84 1.371440
62 85 1.263861
62 86 1.163473
62 87 1.068802
62 88 0.978752
62 89 0.892501
62 90 0.809406
62 91 0.728964
62 92 0.650733
62 93 0.574336
62 94 0.499486
62 95 0.425924
62 96 0.353415
62 97 0.281754
62 98 0.210752
62 99 0.140229
62 100 0.070032
63 1 0.033100
63 2 0.066182
63 3 0.099219
63 4 0.132180
63 5 0.165020
63 6 0.197717
63 7 0.230250
63 8 0.262570
63 9 0.294641
63 10 0.326448
63 11 0.357933
63 12 0.389044
63 13 0.419769
63 14 0.450018
63 15 0.479785
63 16 0.508987
63 17 0.537611
63 18 0.565556
63 19 0.592780
63 20 0.619242
63 21 0.644928
63 22 0.669738
63 23 0.693733
63 24 0.716840
63 25 0.739079
63 26 0.760395
63 27 0.780874
63 28 0.800460
63 29 0.819284
63 30 0.837273
63 31 0.854560
63 32 0.871133
63 33 0.887151
63 34 0.902608
63 35 0.917634
63 36 0.932264
63 37 0.946645
63 38 0.960798
63 39 0.974862
63 40 0.988872
63 41 1.002926
63 42 1.017097
63 43 1.031500
63 44 1.046158
63 45 1.061194
63 46 1.076598
63 47 1.092508
63 48 1.108947
63 49 1.126036
63 50 1.143777
63 51 1.162298
63 52 1.181622
63 53 1.201849
63 54 1.223058
63 55 1.245366
63 56 1.268829
63 57 1.293630
63 58 1.319848
63 59 1.347716
63 60 1.377363
63 61 1.409113
63 62 1.443211
63 63 1.480118
63 64 1.520234
63 65 1.564297
63 66 1.613037
63 67 1.667686
63 68 1.729678
63 69 1.801326
63 70 1.885716
63 71 1.988144
63 72 2.117229
63 73 2.290019
63 74 2.545146
63 75 2.991174
63 76 4.000000
63 77 2.944720
63 78 2.452295
63 79 2.150823
63 80 1.931780
63 81 1.756493
63 82 1.608016
63 83 1.477629
63 84 1.360187
63 85 1.252449
63 86 1.152195
63 87 1.057893
63 88 0.968359
63 89 0.882710
63 90 0.800306
63 91 0.720602
63 92 0.643127
63 93 0.567548
63 94 0.493520
63 95 0.420796
63 96 0.349125
63 97 0.278308
63 98 0.208168
63 99 0.138506
63 100 0.069171
64 1 0.031921
64 2 0.063815
64 3 0.095654
64 4 0.127424
64 5 0.159056
64 6 0.190579
64 7 0.221903
64 8 0.253022
64 9 0.283904
64 10 0.314547
64 11 0.344835
64 12 0.374795
64 13 0.404351
64 14 0.433503
64 15 0.462130
64 16 0.490278
64 17 0.517827
64 18 0.544770
64 19 0.571051
64 20 0.596638
64 21 0.621465
64 22 0.645559
64 23 0.668842
64 24 0.691349
64 25 0.713046
64 26 0.733951
64 27 0.754028
64 28 0.773402
64 29 0.791982
64 30 0.809886
64 31 0.827064
64 32 0.843681
64 33 0.859717
64 34 0.875322
64 35 0.890455
64 36 0.905289
64 37 0.919838
64 38 0.934233
64 39 0.948469
64 40 0.962729
64 41 0.976976
64 42 0.991373
64 43 1.005926
64 44 1.020768
64 45 1.035910
64 46 1.051463
64 47 1.067434
64 48 1.083963
64 49 1.101037
64 50 1.118802
64 51 1.137267
64 52 1.156541
64 53 1.176673
64 54 1.197768
64 55 1.219911
64 56 1.243216
64 57 1.267806
64 58 1.293845
64 59 1.321440
64 60 1.350859
64 61 1.382296
64 62 1.416137
64 63 1.452671
64 64 1.492458
64 65 1.536039
64 66 1.584284
64 67 1.638187
64 68 1.699286
64 69 1.769408
64 70 1.851560
64 71 1.949835
64 72 2.070871
64 73 2.224682
64 74 2.426094
64 75 2.686645
64 76 2.946374
64 77 2.641448
64 78 2.335728
64 79 2.089213
64 80 1.890336
64 81 1.724318
64 82 1.581089
64 83 1.454136
64 84 1.339240
64 85 1.233506
64 86 1.134999
64 87 1.042216
64 88 0.954056
64 89 0.869707
64 90 0.788521
64 91 0.709992
64 92 0.633683
64 93 0.559192
64 94 0.486261
64 95 0.414599
64 96 0.343988
64 97 0.274217
64 98 0.205103
64 99 0.136465
64 100 0.068152
65 1 0.030740
65 2 0.061472
65 3 0.092166
65 4 0.122751
65 5 0.153250
65 6 0.183566
65 7 0.213749
65 8 0.243704
65 9 0.273458
65 10 0.302921
65 11 0.332090
65 12 0.360895
65 13 0.389393
65 14 0.417412
65 15 0.445028
65 16 0.472100
65 17 0.498675
65 18 0.524657
65 19 0.550018
65 20 0.574740
65 21 0.598792
65 22 0.622131
65 23 0.644778
65 24 0.666675
65 25 0.687844
65 26 0.708274
65 27 0.728019
65 28 0.747022
65 29 0.765411
65 30 0.783093
65 31 0.800223
65 32 0.816737
65 33 0.832805
65 34 0.848394
65 35 0.863639
65 36 0.878539
65 37 0.893240
65 38 0.907720
65 39 0.922163
65 40 0.936513
65 41 0.950929
65 42 0.965418
65 43 0.980122
65 44 0.995021
65 45 1.010274
65 46 1.025835
65 47 1.041854
65 48 1.058334
65 49 1.075413
65 50 1.093080
65 51 1.111459
65 52 1.130580
65 53 1.150530
65 54 1.171402
65 55 1.193307
65 56 1.216309
65 57 1.240581
65 58 1.266205
65 59 1.293378
65 60 1.322272
65 61 1.353167
65 62 1.386301
65 63 1.422043
65 64 1.460821
65 65 1.503195
65 66 1.549817
65 67 1.601641
65 68 1.659712
65 69 1.725602
65 70 1.801138
65 71 1.888906
65 72 1.991642
65 73 2.111814
65 74 2.247807
65 75 2.383020
65 76 2.457328
65 77 2.339052
65 78 2.159900
65 79 1.980012
65 80 1.815964
65 81 1.669397
65 82 1.537883
65 83 1.418607
65 84 1.309079
65 85 1.207411
65 86 1.112044
65 87 1.021867
65 88 0.935943
65 89 0.853521
65 90 0.774118
65 91 0.697183
65 92 0.622370
65 93 0.549303
65 94 0.477730
65 95 0.407356
65 96 0.338014
65 97 0.269462
65 98 0.201562
65 99 0.134111
65 100 0.066985
66 1 0.029601
66 2 0.059199
66 3 0.088731
66 4 0.118191
66 5 0.147527
66 6 0.176757
66 7 0.205773
66 8 0.234619
66 9 0.263228
66 10 0.291604
66 11 0.319661
66 12 0.347421
66 13 0.374794
66 14 0.401831
66 15 0.428380
66 16 0.454479
66 17 0.480078
66 18 0.505151
66 19 0.529634
66 20 0.553532
66 21 0.576799
66 22 0.599449
66 23 0.621418
66 24 0.642729
66 25 0.663354
66 26 0.683343
66 27 0.702659
66 28 0.721381
66 29 0.739433
66 30 0.756949
66 31 0.773874
66 32 0.790323
66 33 0.806280
66 34 0.821880
66 35 0.837100
66 36 0.852073
66 37 0.866779
66 38 0.881368
66 39 0.895831
66 40 0.910296
66 41 0.924745
66 42 0.939328
66 43 0.954046
66 44 0.969009
66 45 0.984219
66 46 0.999802
66 47 1.015748
66 48 1.032203
66 49 1.049132
66 50 1.066692
66 51 1.084860
66 52 1.103768
66 53 1.123460
66 54 1.144037
66 55 1.165558
66 56 1.188175
66 57 1.211938
66 58 1.237046
66 59 1.263572
66 60 1.291755
66 61 1.321753
66 62 1.353865
66 63 1.388358
66 64 1.425613
66 65 1.466054
66 66 1.510236
66 67 1.558745
66 68 1.612421
66 69 1.672042
66 70 1.738629
66 71 1.812916
66 72 1.895043
66 73 1.983081
66 74 2.070381
66 75 2.140213
66 76 2.160891
66 77 2.097461
66 78 1.984885
66 79 1.854861
66 80 1.724134
66 81 1.599365
66 82 1.482467
66 83 1.373301
66 84 1.271125
66 85 1.174952
66 86 1.083936
66 87 0.997268
66 88 0.914266
66 89 0.834425
66 90 0.757209
66 91 0.682301
66 92 0.609306
66 93 0.537946
66 94 0.467967
66 95 0.399117
66 96 0.331217
66 97 0.264103
66 98 0.197549
66 99 0.131464
66 100 0.065660
67 1 0.028486
67 2 0.056952
67 3 0.085389
67 4 0.113715
67 5 0.141978
67 6 0.170056
67 7 0.198005
67 8 0.225741
67 9 0.253288
67 10 0.280557
67 11 0.307580
67 12 0.334263
67 13 0.360662
67 14 0.386642
67 15 0.412225
67 16 0.437356
67 17 0.462031
67 18 0.486195
67 19 0.509844
67 20 0.532926
67 21 0.555450
67 22 0.577385
67 23 0.598730
67 24 0.619422
67 25 0.639531
67 26 0.659033
67 27 0.677973
67 28 0.696289
67 29 0.714087
67 30 0.731301
67 31 0.748067
67 32 0.764331
67 33 0.780198
67 34 0.795682
67 35 0.810880
67 36 0.825793
67 37 0.840522
67 38 0.855071
67 39 0.869567
67 40 0.884005
67 41 0.898503
67 42 0.913051
67 43 0.927783
67 44 0.942680
67 45 0.957866
67 46 0.973343
67 47 0.989223
67 48 1.005483
67 49 1.022295
67 50 1.039602
67 51 1.057565
67 52 1.076157
67 53 1.095522
67 54 1.115679
67 55 1.136774
67 56 1.158837
67 57 1.182031
67 58 1.206403
67 59 1.232143
67 60 1.259356
67 61 1.288265
67 62 1.319043
67 63 1.351931
67 64 1.387210
67 65 1.425225
67 66 1.466249
67 67 1.510763
67 68 1.559077
67 69 1.611590
67 70 1.668365
67 71 1.729151
67 72 1.792483
67 73 1.855144
67 74 1.910334
67 75 1.946634
67 76 1.948505
67 77 1.905088
67 78 1.827231
67 79 1.730494
67 80 1.626327
67 81 1.521490
67 82 1.419276
67 83 1.321048
67 84 1.227116
67 85 1.137381
67 86 1.051458
67 87 0.968977
67 88 0.889495
67 89 0.812621
67 90 0.738073
67 91 0.665484
67 92 0.594626
67 93 0.525218
67 94 0.457060
67 95 0.389926
67 96 0.323679
67 97 0.258122
67 98 0.193118
67 99 0.128516
67 100 0.064199
68 1 0.027394
68 2 0.054768
68 3 0.082108
68 4 0.109378
68 5 0.136526
68 6 0.163554
68 7 0.190417
68 8 0.217116
68 9 0.243592
68 10 0.269826
68 11 0.295795
68 12 0.321507
68 13 0.346868
68 14 0.371867
68 15 0.396495
68 16 0.420718
68 17 0.444483
68 18 0.467790
68 19 0.490592
68 20 0.512913
68 21 0.534694
68 22 0.555935
68 23 0.576619
68 24 0.596766
68 25 0.616307
68 26 0.635356
68 27 0.653833
68 28 0.671797
68 29 0.689217
68 30 0.706184
68 31 0.722685
68 32 0.738783
68 33 0.754466
68 34 0.769838
68 35 0.784914
68 36 0.799759
68 37 0.814399
68 38 0.828911
68 39 0.843338
68 40 0.857750
68 41 0.872165
68 42 0.886671
68 43 0.901298
68 44 0.916126
68 45 0.931167
68 46 0.946535
68 47 0.962211
68 48 0.978326
68 49 0.994847
68 50 1.011947
68 51 1.029542
68 52 1.047809
68 53 1.066729
68 54 1.086431
68 55 1.106941
68 56 1.128415
68 57 1.150854
68 58 1.174426
68 59 1.199193
68 60 1.225315
68 61 1.252887
68 62 1.282091
68 63 1.313104
68 64 1.346131
68 65 1.381287
68 66 1.418860
68 67 1.458894
68 68 1.501607
68 69 1.546793
68 70 1.594177
68 71 1.642740
68 72 1.690657
68 73 1.734568
68 74 1.769275
68 75 1.787446
68 76 1.781420
68 77 1.747089
68 78 1.688553
68 79 1.613493
68 80 1.529221
68 81 1.440992
68 82 1.352140
68 83 1.264463
68 84 1.178960
68 85 1.095958
68 86 1.015560
68 87 0.937655
68 88 0.862055
68 89 0.788564
68 90 0.716921
68 91 0.646969
68 92 0.578459
68 93 0.511231
68 94 0.445092
68 95 0.379867
68 96 0.315413
68 97 0.251609
68 98 0.188269
68 99 0.125317
68 100 0.062598
69 1 0.026332
69 2 0.052644
69 3 0.078917
69 4 0.105129
69 5 0.131230
69 6 0.157199
69 7 0.183030
69 8 0.208680
69 9 0.234125
69 10 0.259354
69 11 0.284356
69 12 0.309041
69 13 0.333426
69 14 0.357489
69 15 0.381199
69 16 0.404510
69 17 0.427405
69 18 0.449849
69 19 0.471880
69 20 0.493411
69 21 0.514463
69 22 0.535032
69 23 0.555094
69 24 0.574615
69 25 0.593672
69 26 0.612182
69 27 0.630235
69 28 0.647772
69 29 0.664859
69 30 0.681495
69 31 0.697749
69 32 0.713583
69 33 0.729084
69 34 0.744269
69 35 0.759203
69 36 0.773901
69 37 0.788437
69 38 0.802836
69 39 0.817154
69 40 0.831445
69 41 0.845767
69 42 0.860136
69 43 0.874657
69 44 0.889312
69 45 0.904213
69 46 0.919344
69 47 0.934838
69 48 0.950650
69 49 0.966959
69 50 0.983653
69 51 1.000935
69 52 1.018728
69 53 1.037190
69 54 1.056324
69 55 1.076244
69 56 1.096963
69 57 1.118613
69 58 1.141227
69 59 1.164927
69 60 1.189775
69 61 1.215865
69 62 1.243339
69 63 1.272311
69 64 1.302822
69 65 1.335016
69 66 1.368867
69 67 1.404461
69 68 1.441549
69 69 1.479888
69 70 1.518734
69 71 1.557011
69 72 1.592767
69 73 1.623279
69 74 1.644661
69 75 1.652487
69 76 1.642652
69 77 1.613322
69 78 1.566321
69 79 1.505744
69 80 1.436086
69 81 1.361154
69 82 1.283755
69 83 1.205755
69 84 1.128268
69 85 1.051953
69 86 0.977160
69 87 0.904026
69 88 0.832527
69 89 0.762594
69 90 0.694118
69 91 0.626972
69 92 0.561022
69 93 0.496148
69 94 0.432176
69 95 0.369025
69 96 0.306512
69 97 0.244562
69 98 0.183053
69 99 0.121859
69 100 0.060878
70 1 0.025295
70 2 0.050580
70 3 0.075805
70 4 0.100978
70 5 0.126053
70 6 0.151008
70 7 0.175809
70 8 0.200450
70 9 0.224891
70 10 0.249156
70 11 0.273140
70 12 0.296894
70 13 0.320331
70 14 0.343472
70 15 0.366254
70 16 0.388716
70 17 0.410741
70 18 0.432375
70 19 0.453599
70 20 0.474407
70 21 0.494748
70 22 0.514622
70 23 0.534045
70 24 0.553018
70 25 0.571496
70 26 0.589544
70 27 0.607099
70 28 0.624240
70 29 0.640923
70 30 0.657246
70 31 0.673146
70 32 0.688742
70 33 0.703984
70 34 0.718965
70 35 0.733678
70 36 0.748228
70 37 0.762581
70 38 0.776830
70 39 0.790975
70 40 0.805122
70 41 0.819274
70 42 0.833515
70 43 0.847816
70 44 0.862299
70 45 0.876958
70 46 0.891874
70 47 0.907055
70 48 0.922636
70 49 0.938521
70 50 0.954909
70 51 0.971707
70 52 0.989066
70 53 1.006956
70 54 1.025498
70 55 1.044701
70 56 1.064647
70 57 1.085388
70 58 1.106995
70 59 1.129495
70 60 1.152969
70 61 1.177493
70 62 1.203140
70 63 1.229921
70 64 1.257893
70 65 1.286995
70 66 1.317247
70 67 1.348414
70 68 1.380326
70 69 1.412394
70 70 1.443951
70 71 1.473739
70 72 1.500201
70 73 1.521042
70 74 1.533682
70 75 1.535205
70 76 1.523371
70 77 1.497221
70 78 1.457702
70 79 1.407089
70 80 1.348228
70 81 1.283795
70 82 1.216017
70 83 1.146495
70 84 1.076388
70 85 1.006440
70 86 0.937142
70 87 0.868765
70 88 0.801442
70 89 0.735174
70 90 0.669975
70 91 0.605797
70 92 0.542541
70 93 0.480129
70 94 0.418485
70 95 0.357494
70 96 0.297075
70 97 0.237099
70 98 0.177517
70 99 0.118193
70 100 0.059048
71 1 0.024272
71 2 0.048548
71 3 0.072777
71 4 0.096932
71 5 0.121004
71 6 0.144949
71 7 0.168743
71 8 0.192394
71 9 0.215904
71 10 0.239160
71 11 0.262206
71 12 0.284992
71 13 0.307529
71 14 0.329769
71 15 0.351701
71 16 0.373261
71 17 0.394495
71 18 0.415310
71 19 0.435789
71 20 0.455845
71 21 0.475480
71 22 0.494692
71 23 0.513497
71 24 0.531862
71 25 0.549819
71 26 0.567320
71 27 0.584423
71 28 0.601107
71 29 0.617393
71 30 0.633327
71 31 0.648936
71 32 0.664171
71 33 0.679174
71 34 0.693877
71 35 0.708394
71 36 0.722679
71 37 0.736855
71 38 0.750878
71 39 0.764864
71 40 0.778774
71 41 0.792745
71 42 0.806733
71 43 0.820835
71 44 0.835060
71 45 0.849475
71 46 0.864084
71 47 0.878986
71 48 0.894173
71 49 0.909738
71 50 0.925632
71 51 0.942007
71 52 0.958801
71 53 0.976103
71 54 0.993974
71 55 1.012435
71 56 1.031518
71 57 1.051327
71 58 1.071828
71 59 1.093071
71 60 1.115139
71 61 1.138055
71 62 1.161778
71 63 1.186373
71 64 1.211761
71 65 1.237910
71 66 1.264618
71 67 1.291758
71 68 1.318877
71 69 1.345508
71 70 1.370840
71 71 1.393870
71 72 1.413169
71 73 1.427096
71 74 1.433742
71 75 1.431336
71 76 1.418410
71 77 1.394519
71 78 1.360130
71 79 1.316683
71 80 1.265942
71 81 1.209844
71 82 1.149988
71 83 1.087834
71 84 1.024349
71 85 0.960296
71 86 0.896215
71 87 0.832464
71 88 0.769271
71 89 0.706702
71 90 0.644850
71 91 0.583670
71 92 0.523217
71 93 0.463373
71 94 0.404133
71 95 0.345426
71 96 0.287153
71 97 0.229261
71 98 0.171701
71 99 0.114337
71 100 0.057135
72 1 0.023274
72 2 0.046569
72 3 0.069799
72 4 0.092963
72 5 0.116052
72 6 0.139033
72 7 0.161843
72 8 0.184554
72 9 0.207067
72 10 0.229399
72 11 0.251506
72 12 0.273403
72 13 0.295024
72 14 0.316379
72 15 0.337441
72 16 0.358200
72 17 0.378589
72 18 0.398658
72 19 0.418350
72 20 0.437701
72 21 0.456629
72 22 0.475192
72 23 0.493356
72 24 0.511157
72 25 0.528533
72 26 0.545538
72 27 0.562116
72 28 0.578357
72 29 0.594232
72 30 0.609770
72 31 0.624988
72 32 0.639941
72 33 0.654592
72 34 0.669033
72 35 0.683241
72 36 0.697315
72 37 0.711209
72 38 0.725020
72 39 0.738728
72 40 0.752439
72 41 0.766121
72 42 0.779906
72 43 0.793708
72 44 0.807672
72 45 0.821773
72 46 0.836066
72 47 0.850590
72 48 0.865430
72 49 0.880515
72 50 0.896000
72 51 0.911810
72 52 0.928039
72 53 0.944699
72 54 0.961867
72 55 0.979518
72 56 0.997734
72 57 1.016503
72 58 1.035875
72 59 1.055847
72 60 1.076493
72 61 1.097716
72 62 1.119570
72 63 1.141980
72 64 1.164916
72 65 1.188187
72 66 1.211656
72 67 1.235030
72 68 1.257964
72 69 1.279882
72 70 1.300098
72 71 1.317666
72 72 1.331540
72 73 1.340378
72 74 1.342920
72 75 1.337882
72 76 1.324460
72 77 1.302260
72 78 1.271671
72 79 1.233517
72 80 1.189054
72 81 1.139550
72 82 1.086326
72 83 1.030454
72 84 0.972846
72 85 0.914179
72 86 0.854987
72 87 0.795662
72 88 0.736457
72 89 0.677528
72 90 0.618988
72 91 0.560896
72 92 0.503232
72 93 0.446030
72 94 0.389253
72 95 0.332875
72 96 0.276855
72 97 0.221115
72 98 0.165633
72 99 0.110328
72 100 0.055129
73 1 0.022312
73 2 0.044606
73 3 0.066881
73 4 0.089076
73 5 0.111212
73 6 0.133223
73 7 0.155127
73 8 0.176864
73 9 0.198451
73 10 0.219869
73 11 0.241058
73 12 0.262053
73 13 0.282813
73 14 0.303303
73 15 0.323521
73 16 0.343431
73 17 0.363057
73 18 0.382339
73 19 0.401304
73 20 0.419914
73 21 0.438179
73 22 0.456058
73 23 0.473636
73 24 0.490817
73 25 0.507650
73 26 0.524104
73 27 0.540219
73 28 0.555971
73 29 0.571397
73 30 0.586525
73 31 0.601382
73 32 0.615945
73 33 0.630283
73 34 0.644388
73 35 0.658309
73 36 0.672051
73 37 0.685692
73 38 0.699192
73 39 0.712655
73 40 0.726059
73 41 0.739495
73 42 0.752940
73 43 0.766490
73 44 0.780106
73 45 0.793885
73 46 0.807819
73 47 0.821962
73 48 0.836342
73 49 0.851013
73 50 0.865951
73 51 0.881230
73 52 0.896839
73 53 0.912833
73 54 0.929227
73 55 0.946078
73 56 0.963334
73 57 0.981097
73 58 0.999300
73 59 1.018021
73 60 1.037170
73 61 1.056802
73 62 1.076781
73 63 1.097127
73 64 1.117663
73 65 1.138303
73 66 1.158753
73 67 1.178822
73 68 1.198050
73 69 1.215978
73 70 1.231930
73 71 1.245222
73 72 1.254874
73 73 1.260002
73 74 1.259614
73 75 1.252913
73 76 1.239235
73 77 1.218461
73 78 1.190737
73 79 1.156718
73 80 1.117141
73 81 1.073034
73 82 1.025284
73 83 0.974822
73 84 0.922379
73 85 0.868586
73 86 0.813901
73 87 0.758742
73 88 0.703364
73 89 0.647987
73 90 0.592711
73 91 0.537637
73 92 0.482825
73 93 0.428266
73 94 0.374001
73 95 0.320004
73 96 0.266259
73 97 0.212738
73 98 0.159402
73 99 0.106192
73 100 0.053081
74 1 0.021363
74 2 0.042722
74 3 0.064023
74 4 0.085283
74 5 0.106462
74 6 0.127567
74 7 0.148525
74 8 0.169334
74 9 0.190018
74 10 0.210523
74 11 0.230859
74 12 0.250969
74 13 0.270874
74 14 0.290509
74 15 0.309897
74 16 0.329011
74 17 0.347823
74 18 0.366364
74 19 0.384580
74 20 0.402506
74 21 0.420051
74 22 0.437339
74 23 0.454237
74 24 0.470843
74 25 0.487090
74 26 0.503016
74 27 0.518621
74 28 0.533923
74 29 0.548899
74 30 0.563588
74 31 0.578027
74 32 0.592224
74 33 0.606168
74 34 0.619940
74 35 0.633519
74 36 0.646974
74 37 0.660256
74 38 0.673470
74 39 0.686589
74 40 0.699714
74 41 0.712789
74 42 0.725957
74 43 0.739144
74 44 0.752423
74 45 0.765823
74 46 0.779359
74 47 0.793084
74 48 0.807038
74 49 0.821181
74 50 0.835603
74 51 0.850272
74 52 0.865248
74 53 0.880542
74 54 0.896177
74 55 0.912157
74 56 0.928486
74 57 0.945187
74 58 0.962292
74 59 0.979692
74 60 0.997456
74 61 1.015441
74 62 1.033678
74 63 1.051995
74 64 1.070364
74 65 1.088519
74 66 1.106302
74 67 1.123385
74 68 1.139457
74 69 1.154000
74 70 1.166511
74 71 1.176317
74 72 1.182777
74 73 1.185124
74 74 1.182675
74 75 1.174805
74 76 1.161165
74 77 1.141562
74 78 1.116185
74 79 1.085393
74 80 1.049814
74 81 1.010104
74 82 0.966986
74 83 0.921161
74 84 0.873281
74 85 0.823845
74 86 0.773320
74 87 0.722027
74 88 0.670295
74 89 0.618296
74 90 0.566228
74 91 0.514123
74 92 0.462103
74 93 0.410214
74 94 0.358464
74 95 0.306872
74 96 0.255459
74 97 0.204187
74 98 0.153033
74 99 0.101980
74 100 0.050971
75 1 0.020422
75 2 0.040844
75 3 0.061224
75 4 0.081560
75 5 0.101835
75 6 0.121987
75 7 0.142044
75 8 0.161960
75 9 0.181756
75 10 0.201385
75 11 0.220843
75 12 0.240097
75 13 0.259142
75 14 0.277961
75 15 0.296536
75 16 0.314859
75 17 0.332926
75 18 0.350699
75 19 0.368197
75 20 0.385388
75 21 0.402299
75 22 0.418878
75 23 0.435208
75 24 0.451179
75 25 0.466869
75 26 0.482237
75 27 0.497346
75 28 0.512142
75 29 0.526650
75 30 0.540896
75 31 0.554916
75 32 0.568701
75 33 0.582299
75 34 0.595647
75 35 0.608883
75 36 0.621952
75 37 0.634923
75 38 0.647767
75 39 0.660587
75 40 0.673341
75 41 0.686115
75 42 0.698880
75 43 0.711722
75 44 0.724609
75 45 0.737621
75 46 0.750736
75 47 0.764017
75 48 0.777453
75 49 0.791115
75 50 0.804949
75 51 0.819049
75 52 0.833347
75 53 0.847921
75 54 0.862769
75 55 0.877885
75 56 0.893293
75 57 0.908983
75 58 0.924920
75 59 0.941083
75 60 0.957434
75 61 0.973916
75 62 0.990428
75 63 1.006926
75 64 1.023197
75 65 1.039157
75 66 1.054501
75 67 1.069020
75 68 1.082336
75 69 1.094070
75 70 1.103721
75 71 1.110816
75 72 1.114770
75 73 1.115050
75 74 1.111120
75 75 1.102536
75 76 1.089021
75 77 1.070494
75 78 1.047027
75 79 1.018937
75 80 0.986600
75 81 0.950575
75 82 0.911400
75 83 0.869596
75 84 0.825710
75 85 0.780218
75 86 0.733459
75 87 0.685793
75 88 0.637464
75 89 0.588728
75 90 0.539704
75 91 0.490524
75 92 0.441276
75 93 0.391998
75 94 0.342786
75 95 0.293604
75 96 0.244522
75 97 0.195510
75 98 0.146585
75 99 0.097686
75 100 0.048849
