1 1 0.001504
1 2 0.003005
1 3 0.004502
1 4 0.005994
1 5 0.007476
1 6 0.008949
1 7 0.010408
1 8 0.011852
1 9 0.013279
1 10 0.014686
1 11 0.016069
1 12 0.017429
1 13 0.018759
1 14 0.020060
1 15 0.021327
1 16 0.022560
1 17 0.023753
1 18 0.024907
1 19 0.026017
1 20 0.027083
1 21 0.028102
1 22 0.029074
1 23 0.029996
1 24 0.030870
1 25 0.031691
1 26 0.032465
1 27 0.033186
1 28 0.033861
1 29 0.034485
1 30 0.035065
1 31 0.035599
1 32 0.036093
1 33 0.036545
1 34 0.036962
1 35 0.037342
1 36 0.037694
1 37 0.038015
1 38 0.038313
1 39 0.038587
1 40 0.038844
1 41 0.039081
1 42 0.039307
1 43 0.039518
1 44 0.039722
1 45 0.039915
1 46 0.040103
1 47 0.040282
1 48 0.040459
1 49 0.040626
1 50 0.040791
1 51 0.040946
1 52 0.041095
1 53 0.041233
1 54 0.041362
1 55 0.041474
1 56 0.041572
1 57 0.041648
1 58 0.041705
1 59 0.041732
1 60 0.041732
1 61 0.041696
1 62 0.041624
1 63 0.041509
1 64 0.041351
1 65 0.041142
1 66 0.040883
1 67 0.040566
1 68 0.040194
1 69 0.039759
1 70 0.039264
1 71 0.038703
1 72 0.038079
1 73 0.037388
1 74 0.036635
1 75 0.035815
1 76 0.034934
1 77 0.033989
1 78 0.032986
1 79 0.031925
1 80 0.030810
1 81 0.029642
1 82 0.028426
1 83 0.027164
1 84 0.025860
1 85 0.024516
1 86 0.023137
1 87 0.021724
1 88 0.020283
1 89 0.018814
1 90 0.017322
1 91 0.015808
1 92 0.014276
1 93 0.012728
1 94 0.011166
1 95 0.009591
1 96 0.008007
1 97 0.006415
1 98 0.004817
1 99 0.003214
1 100 0.001608
2 1 0.003009
2 2 0.006014
2 3 0.009012
2 4 0.011996
2 5 0.014964
2 6 0.017911
2 7 0.020833
2 8 0.023723
2 9 0.026580
2 10 0.029395
2 11 0.032167
2 12 0.034886
2 13 0.037552
2 14 0.040155
2 15 0.042694
2 16 0.045159
2 17 0.047550
2 18 0.049858
2 19 0.052082
2 20 0.054215
2 21 0.056257
2 22 0.058199
2 23 0.060047
2 24 0.061792
2 25 0.063439
2 26 0.064981
2 27 0.066428
2 28 0.067771
2 29 0.069023
2 30 0.070178
2 31 0.071248
2 32 0.072228
2 33 0.073134
2 34 0.073960
2 35 0.074723
2 36 0.075419
2 37 0.076063
2 38 0.076652
2 39 0.077201
2 40 0.077707
2 41 0.078185
2 42 0.078629
2 43 0.079055
2 44 0.079456
2 45 0.079845
2 46 0.080215
2 47 0.080579
2 48 0.080926
2 49 0.081267
2 50 0.081591
2 51 0.081908
2 52 0.082203
2 53 0.082486
2 54 0.082740
2 55 0.082973
2 56 0.083167
2 57 0.083328
2 58 0.083438
2 59 0.083502
2 60 0.083500
2 61 0.083437
2 62 0.083293
2 63 0.083071
2 64 0.082753
2 65 0.082343
2 66 0.081823
2 67 0.081198
2 68 0.080451
2 69 0.079587
2 70 0.078593
2 71 0.077476
2 72 0.076225
2 73 0.074848
2 74 0.073336
2 75 0.071698
2 76 0.069931
2 77 0.068043
2 78 0.066032
2 79 0.063909
2 80 0.061674
2 81 0.059337
2 82 0.056900
2 83 0.054374
2 84 0.051761
2 85 0.049071
2 86 0.046308
2 87 0.043481
2 88 0.040593
2 89 0.037654
2 90 0.034666
2 91 0.031637
2 92 0.028569
2 93 0.025471
2 94 0.022344
2 95 0.019194
2 96 0.016023
2 97 0.012838
2 98 0.009639
2 99 0.006431
2 100 0.003217
3 1 0.004519
3 2 0.009033
3 3 0.013534
3 4 0.018017
3 5 0.022474
3 6 0.026901
3 7 0.031289
3 8 0.035633
3 9 0.039922
3 10 0.044154
3 11 0.048316
3 12 0.052405
3 13 0.056408
3 14 0.060322
3 15 0.064134
3 16 0.067842
3 17 0.071432
3 18 0.074903
3 19 0.078241
3 20 0.081449
3 21 0.084511
3 22 0.087434
3 23 0.090202
3 24 0.092826
3 25 0.095291
3 26 0.097610
3 27 0.099772
3 28 0.101791
3 29 0.103659
3 30 0.105393
3 31 0.106986
3 32 0.108458
3 33 0.109802
3 34 0.111043
3 35 0.112172
3 36 0.113216
3 37 0.114167
3 38 0.115051
3 39 0.115860
3 40 0.116620
3 41 0.117322
3 42 0.117992
3 43 0.118617
3 44 0.119223
3 45 0.119796
3 46 0.120358
3 47 0.120893
3 48 0.121422
3 49 0.121926
3 50 0.122423
3 51 0.122892
3 52 0.123347
3 53 0.123767
3 54 0.124163
3 55 0.124510
3 56 0.124817
3 57 0.125058
3 58 0.125241
3 59 0.125337
3 60 0.125352
3 61 0.125258
3 62 0.125059
3 63 0.124728
3 64 0.124269
3 65 0.123654
3 66 0.122889
3 67 0.121950
3 68 0.120842
3 69 0.119544
3 70 0.118064
3 71 0.116384
3 72 0.114514
3 73 0.112441
3 74 0.110177
3 75 0.107713
3 76 0.105062
3 77 0.102220
3 78 0.099202
3 79 0.096007
3 80 0.092650
3 81 0.089133
3 82 0.085473
3 83 0.081672
3 84 0.077747
3 85 0.073701
3 86 0.069551
3 87 0.065300
3 88 0.060963
3 89 0.056544
3 90 0.052057
3 91 0.047504
3 92 0.042899
3 93 0.038243
3 94 0.033548
3 95 0.028817
3 96 0.024057
3 97 0.019273
3 98 0.014471
3 99 0.009655
3 100 0.004830
4 1 0.006036
4 2 0.012064
4 3 0.018077
4 4 0.024064
4 5 0.030020
4 6 0.035932
4 7 0.041796
4 8 0.047597
4 9 0.053332
4 10 0.058984
4 11 0.064549
4 12 0.070011
4 13 0.075365
4 14 0.080593
4 15 0.085693
4 16 0.090645
4 17 0.095448
4 18 0.100082
4 19 0.104549
4 20 0.108828
4 21 0.112926
4 22 0.116822
4 23 0.120525
4 24 0.124018
4 25 0.127314
4 26 0.130396
4 27 0.133284
4 28 0.135963
4 29 0.138455
4 30 0.140750
4 31 0.142873
4 32 0.144815
4 33 0.146605
4 34 0.148236
4 35 0.149739
4 36 0.151106
4 37 0.152370
4 38 0.153524
4 39 0.154601
4 40 0.155591
4 41 0.156527
4 42 0.157398
4 43 0.158235
4 44 0.159023
4 45 0.159793
4 46 0.160526
4 47 0.161250
4 48 0.161942
4 49 0.162628
4 50 0.163282
4 51 0.163924
4 52 0.164527
4 53 0.165108
4 54 0.165634
4 55 0.166121
4 56 0.166533
4 57 0.166882
4 58 0.167130
4 59 0.167286
4 60 0.167313
4 61 0.167217
4 62 0.166959
4 63 0.166545
4 64 0.165939
4 65 0.165145
4 66 0.164130
4 67 0.162900
4 68 0.161424
4 69 0.159711
4 70 0.157735
4 71 0.155507
4 72 0.153007
4 73 0.150250
4 74 0.147220
4 75 0.143935
4 76 0.140386
4 77 0.136593
4 78 0.132551
4 79 0.128283
4 80 0.123788
4 81 0.119089
4 82 0.114188
4 83 0.109109
4 84 0.103855
4 85 0.098449
4 86 0.092895
4 87 0.087216
4 88 0.081415
4 89 0.075513
4 90 0.069513
4 91 0.063433
4 92 0.057278
4 93 0.051062
4 94 0.044790
4 95 0.038473
4 96 0.032116
4 97 0.025730
4 98 0.019318
4 99 0.012889
4 100 0.006447
5 1 0.007562
5 2 0.015114
5 3 0.022645
5 4 0.030148
5 5 0.037608
5 6 0.045019
5 7 0.052365
5 8 0.059639
5 9 0.066824
5 10 0.073913
5 11 0.080886
5 12 0.087739
5 13 0.094448
5 14 0.101010
5 15 0.107400
5 16 0.113617
5 17 0.119633
5 18 0.125451
5 19 0.131044
5 20 0.136416
5 21 0.141542
5 22 0.146431
5 23 0.151058
5 24 0.155438
5 25 0.159549
5 26 0.163411
5 27 0.167005
5 28 0.170356
5 29 0.173449
5 30 0.176315
5 31 0.178941
5 32 0.181362
5 33 0.183568
5 34 0.185597
5 35 0.187441
5 36 0.189140
5 37 0.190685
5 38 0.192118
5 39 0.193429
5 40 0.194660
5 41 0.195798
5 42 0.196883
5 43 0.197901
5 44 0.198889
5 45 0.199827
5 46 0.200751
5 47 0.201637
5 48 0.202517
5 49 0.203361
5 50 0.204199
5 51 0.204996
5 52 0.205776
5 53 0.206502
5 54 0.207192
5 55 0.207806
5 56 0.208359
5 57 0.208805
5 58 0.209156
5 59 0.209365
5 60 0.209441
5 61 0.209336
5 62 0.209056
5 63 0.208554
5 64 0.207836
5 65 0.206858
5 66 0.205624
5 67 0.204095
5 68 0.202279
5 69 0.200141
5 70 0.197692
5 71 0.194902
5 72 0.191790
5 73 0.188331
5 74 0.184547
5 75 0.180422
5 76 0.175981
5 77 0.171215
5 78 0.166152
5 79 0.160788
5 80 0.155153
5 81 0.149248
5 82 0.143103
5 83 0.136721
5 84 0.130134
5 85 0.123345
5 86 0.116383
5 87 0.109254
5 88 0.101984
5 89 0.094579
5 90 0.087062
5 91 0.079438
5 92 0.071729
5 93 0.063938
5 94 0.056084
5 95 0.048170
5 96 0.040211
5 97 0.032212
5 98 0.024185
5 99 0.016135
5 100 0.008071
6 1 0.009098
6 2 0.018184
6 3 0.027248
6 4 0.036274
6 5 0.045255
6 6 0.054171
6 7 0.063017
6 8 0.071771
6 9 0.080426
6 10 0.088958
6 11 0.097363
6 12 0.105612
6 13 0.113700
6 14 0.121600
6 15 0.129306
6 16 0.136788
6 17 0.144045
6 18 0.151045
6 19 0.157791
6 20 0.164250
6 21 0.170430
6 22 0.176301
6 23 0.181876
6 24 0.187127
6 25 0.192074
6 26 0.196693
6 27 0.201011
6 28 0.205007
6 29 0.208716
6 30 0.212121
6 31 0.215261
6 32 0.218125
6 33 0.220756
6 34 0.223145
6 35 0.225339
6 36 0.227328
6 37 0.229164
6 38 0.230835
6 39 0.232392
6 40 0.233822
6 41 0.235177
6 42 0.236438
6 43 0.237654
6 44 0.238804
6 45 0.239932
6 46 0.241014
6 47 0.242089
6 48 0.243126
6 49 0.244161
6 50 0.245156
6 51 0.246143
6 52 0.247079
6 53 0.247990
6 54 0.248827
6 55 0.249611
6 56 0.250290
6 57 0.250879
6 58 0.251323
6 59 0.251632
6 60 0.251750
6 61 0.251683
6 62 0.251375
6 63 0.250831
6 64 0.249995
6 65 0.248873
6 66 0.247414
6 67 0.245624
6 68 0.243457
6 69 0.240925
6 70 0.237988
6 71 0.234663
6 72 0.230919
6 73 0.226777
6 74 0.222216
6 75 0.217262
6 76 0.211902
6 77 0.206169
6 78 0.200054
6 79 0.193595
6 80 0.186789
6 81 0.179675
6 82 0.172255
6 83 0.164566
6 84 0.156614
6 85 0.148436
6 86 0.140038
6 87 0.131453
6 88 0.122688
6 89 0.113774
6 90 0.104717
6 91 0.095544
6 92 0.086261
6 93 0.076890
6 94 0.067437
6 95 0.057920
6 96 0.048346
6 97 0.038729
6 98 0.029076
6 99 0.019399
6 100 0.009703
7 1 0.010647
7 2 0.021281
7 3 0.031888
7 4 0.042455
7 5 0.052964
7 6 0.063407
7 7 0.073761
7 8 0.084017
7 9 0.094150
7 10 0.104152
7 11 0.113994
7 12 0.123668
7 13 0.133142
7 14 0.142410
7 15 0.151436
7 16 0.160216
7 17 0.168714
7 18 0.176930
7 19 0.184824
7 20 0.192402
7 21 0.199627
7 22 0.206510
7 23 0.213017
7 24 0.219166
7 25 0.224927
7 26 0.230326
7 27 0.235338
7 28 0.239999
7 29 0.244287
7 30 0.248245
7 31 0.251859
7 32 0.255178
7 33 0.258188
7 34 0.260947
7 35 0.263442
7 36 0.265733
7 37 0.267809
7 38 0.269730
7 39 0.271482
7 40 0.273128
7 41 0.274649
7 42 0.276105
7 43 0.277473
7 44 0.278809
7 45 0.280086
7 46 0.281354
7 47 0.282579
7 48 0.283808
7 49 0.284999
7 50 0.286193
7 51 0.287342
7 52 0.288478
7 53 0.289550
7 54 0.290584
7 55 0.291520
7 56 0.292379
7 57 0.293098
7 58 0.293691
7 59 0.294090
7 60 0.294307
7 61 0.294272
7 62 0.293992
7 63 0.293399
7 64 0.292499
7 65 0.291228
7 66 0.289591
7 67 0.287530
7 68 0.285055
7 69 0.282115
7 70 0.278725
7 71 0.274844
7 72 0.270494
7 73 0.265643
7 74 0.260322
7 75 0.254509
7 76 0.248240
7 77 0.241503
7 78 0.234341
7 79 0.226748
7 80 0.218770
7 81 0.210408
7 82 0.201707
7 83 0.192674
7 84 0.183352
7 85 0.173748
7 86 0.163906
7 87 0.153832
7 88 0.143565
7 89 0.133113
7 90 0.122509
7 91 0.111761
7 92 0.100897
7 93 0.089923
7 94 0.078865
7 95 0.067728
7 96 0.056532
7 97 0.045283
7 98 0.033996
7 99 0.022680
7 100 0.011345
8 1 0.012211
8 2 0.024407
8 3 0.036573
8 4 0.048692
8 5 0.060753
8 6 0.072732
8 7 0.084619
8 8 0.096387
8 9 0.108027
8 10 0.119507
8 11 0.130818
8 12 0.141925
8 13 0.152820
8 14 0.163462
8 15 0.173845
8 16 0.183927
8 17 0.193705
8 18 0.203134
8 19 0.212216
8 20 0.220907
8 21 0.229214
8 22 0.237096
8 23 0.244568
8 24 0.251593
8 25 0.258196
8 26 0.264346
8 27 0.270076
8 28 0.275362
8 29 0.280249
8 30 0.284716
8 31 0.288817
8 32 0.292539
8 33 0.295941
8 34 0.299013
8 35 0.301821
8 36 0.304354
8 37 0.306682
8 38 0.308793
8 39 0.310757
8 40 0.312558
8 41 0.314266
8 42 0.315859
8 43 0.317404
8 44 0.318874
8 45 0.320329
8 46 0.321736
8 47 0.323149
8 48 0.324527
8 49 0.325918
8 50 0.327274
8 51 0.328633
8 52 0.329942
8 53 0.331231
8 54 0.332437
8 55 0.333587
8 56 0.334609
8 57 0.335522
8 58 0.336251
8 59 0.336808
8 60 0.337115
8 61 0.337179
8 62 0.336921
8 63 0.336345
8 64 0.335375
8 65 0.334015
8 66 0.332192
8 67 0.329915
8 68 0.327119
8 69 0.323816
8 70 0.319953
8 71 0.315552
8 72 0.310569
8 73 0.305035
8 74 0.298920
8 75 0.292262
8 76 0.285044
8 77 0.277312
8 78 0.269058
8 79 0.260332
8 80 0.251135
8 81 0.241520
8 82 0.231493
8 83 0.221107
8 84 0.210370
8 85 0.199332
8 86 0.188004
8 87 0.176433
8 88 0.164627
8 89 0.152628
8 90 0.140445
8 91 0.128113
8 92 0.115641
8 93 0.103059
8 94 0.090373
8 95 0.077608
8 96 0.064771
8 97 0.051882
8 98 0.038947
8 99 0.025983
8 100 0.012996
9 1 0.013791
9 2 0.027566
9 3 0.041307
9 4 0.055000
9 5 0.068623
9 6 0.082164
9 7 0.095595
9 8 0.108906
9 9 0.122063
9 10 0.135056
9 11 0.147847
9 12 0.160426
9 13 0.172749
9 14 0.184809
9 15 0.196556
9 16 0.207985
9 17 0.219045
9 18 0.229733
9 19 0.240000
9 20 0.249847
9 21 0.259225
9 22 0.268146
9 23 0.276565
9 24 0.284503
9 25 0.291920
9 26 0.298849
9 27 0.305259
9 28 0.311195
9 29 0.316630
9 30 0.321624
9 31 0.326156
9 32 0.330295
9 33 0.334025
9 34 0.337423
9 35 0.340475
9 36 0.343263
9 37 0.345774
9 38 0.348089
9 39 0.350194
9 40 0.352170
9 41 0.353997
9 42 0.355753
9 43 0.357411
9 44 0.359045
9 45 0.360621
9 46 0.362204
9 47 0.363753
9 48 0.365326
9 49 0.366873
9 50 0.368443
9 51 0.369977
9 52 0.371517
9 53 0.372993
9 54 0.374440
9 55 0.375780
9 56 0.377037
9 57 0.378129
9 58 0.379071
9 59 0.379776
9 60 0.380252
9 61 0.380408
9 62 0.380250
9 63 0.379686
9 64 0.378720
9 65 0.377265
9 66 0.375324
9 67 0.372819
9 68 0.369760
9 69 0.366077
9 70 0.361789
9 71 0.356841
9 72 0.351260
9 73 0.345007
9 74 0.338121
9 75 0.330575
9 76 0.322420
9 77 0.313642
9 78 0.304298
9 79 0.294386
9 80 0.283966
9 81 0.273044
9 82 0.261682
9 83 0.249890
9 84 0.237727
9 85 0.225206
9 86 0.212382
9 87 0.199268
9 88 0.185912
9 89 0.172327
9 90 0.158555
9 91 0.144606
9 92 0.130518
9 93 0.116298
9 94 0.101976
9 95 0.087560
9 96 0.073075
9 97 0.058526
9 98 0.043935
9 99 0.029308
9 100 0.014660
10 1 0.015389
10 2 0.030759
10 3 0.046096
10 4 0.061378
10 5 0.076590
10 6 0.091706
10 7 0.106713
10 8 0.121578
10 9 0.136290
10 10 0.150808
10 11 0.165121
10 12 0.179182
10 13 0.192982
10 14 0.206467
10 15 0.219629
10 16 0.232410
10 17 0.244805
10 18 0.256755
10 19 0.268257
10 20 0.279255
10 21 0.289754
10 22 0.299700
10 23 0.309109
10 24 0.317933
10 25 0.326201
10 26 0.333872
10 27 0.340991
10 28 0.347526
10 29 0.353534
10 30 0.358993
10 31 0.363973
10 32 0.368459
10 33 0.372531
10 34 0.376177
10 35 0.379487
10 36 0.382449
10 37 0.385156
10 38 0.387595
10 39 0.389859
10 40 0.391930
10 41 0.393900
10 42 0.395743
10 43 0.397545
10 44 0.399274
10 45 0.401008
10 46 0.402706
10 47 0.404437
10 48 0.406151
10 49 0.407908
10 50 0.409648
10 51 0.411420
10 52 0.413154
10 53 0.414890
10 54 0.416548
10 55 0.418158
10 56 0.419631
10 57 0.420986
10 58 0.422129
10 59 0.423069
10 60 0.423707
10 61 0.424046
10 62 0.423984
10 63 0.423520
10 64 0.422554
10 65 0.421086
10 66 0.419020
10 67 0.416361
10 68 0.413024
10 69 0.409022
10 70 0.404285
10 71 0.398836
10 72 0.392623
10 73 0.385683
10 74 0.377980
10 75 0.369564
10 76 0.360418
10 77 0.350600
10 78 0.340106
10 79 0.329003
10 80 0.317298
10 81 0.305060
10 82 0.292301
10 83 0.279090
10 84 0.265443
10 85 0.251425
10 86 0.237051
10 87 0.222380
10 88 0.207427
10 89 0.192243
10 90 0.176842
10 91 0.161266
10 92 0.145526
10 93 0.129659
10 94 0.113673
10 95 0.097598
10 96 0.081441
10 97 0.065225
10 98 0.048958
10 99 0.032659
10 100 0.016335
11 1 0.017005
11 2 0.033993
11 3 0.050942
11 4 0.067838
11 5 0.084653
11 6 0.101376
11 7 0.117973
11 8 0.134431
11 9 0.150710
11 10 0.166797
11 11 0.182645
11 12 0.198240
11 13 0.213528
11 14 0.228495
11 15 0.243081
11 16 0.257274
11 17 0.271010
11 18 0.284280
11 19 0.297019
11 20 0.309225
11 21 0.320836
11 22 0.331859
11 23 0.342237
11 24 0.351994
11 25 0.361078
11 26 0.369529
11 27 0.377308
11 28 0.384470
11 29 0.390987
11 30 0.396932
11 31 0.402285
11 32 0.407132
11 33 0.411461
11 34 0.415368
11 35 0.418845
11 36 0.421994
11 37 0.424805
11 38 0.427383
11 39 0.429715
11 40 0.431903
11 41 0.433928
11 42 0.435887
11 43 0.437752
11 44 0.439613
11 45 0.441432
11 46 0.443290
11 47 0.445139
11 48 0.447050
11 49 0.448962
11 50 0.450936
11 51 0.452900
11 52 0.454904
11 53 0.456864
11 54 0.458818
11 55 0.460672
11 56 0.462452
11 57 0.464056
11 58 0.465497
11 59 0.466666
11 60 0.467567
11 61 0.468086
11 62 0.468221
11 63 0.467857
11 64 0.466988
11 65 0.465504
11 66 0.463402
11 67 0.460580
11 68 0.457043
11 69 0.452702
11 70 0.447576
11 71 0.441596
11 72 0.434793
11 73 0.427121
11 74 0.418627
11 75 0.409285
11 76 0.399156
11 77 0.388232
11 78 0.376587
11 79 0.364224
11 80 0.351223
11 81 0.337596
11 82 0.323425
11 83 0.308727
11 84 0.293579
11 85 0.277999
11 86 0.262059
11 87 0.245775
11 88 0.229210
11 89 0.212379
11 90 0.195334
11 91 0.178089
11 92 0.160688
11 93 0.143139
11 94 0.125480
11 95 0.107717
11 96 0.089880
11 97 0.071975
11 98 0.054024
11 99 0.036034
11 100 0.018023
12 1 0.018642
12 2 0.037265
12 3 0.055851
12 4 0.074377
12 5 0.092828
12 6 0.111172
12 7 0.129397
12 8 0.147462
12 9 0.165354
12 10 0.183026
12 11 0.200462
12 12 0.217605
12 13 0.234441
12 14 0.250905
12 15 0.266980
12 16 0.282596
12 17 0.297740
12 18 0.312337
12 19 0.326379
12 20 0.339792
12 21 0.352577
12 22 0.364663
12 23 0.376067
12 24 0.386726
12 25 0.396673
12 26 0.405857
12 27 0.414331
12 28 0.422058
12 29 0.429110
12 30 0.435462
12 31 0.441204
12 32 0.446322
12 33 0.450920
12 34 0.454989
12 35 0.458643
12 36 0.461876
12 37 0.464803
12 38 0.467418
12 39 0.469834
12 40 0.472039
12 41 0.474144
12 42 0.476125
12 43 0.478086
12 44 0.479993
12 45 0.481941
12 46 0.483884
12 47 0.485905
12 48 0.487946
12 49 0.490079
12 50 0.492233
12 51 0.494467
12 52 0.496697
12 53 0.498969
12 54 0.501187
12 55 0.503383
12 56 0.505451
12 57 0.507408
12 58 0.509137
12 59 0.510646
12 60 0.511809
12 61 0.512622
12 62 0.512958
12 63 0.512806
12 64 0.512038
12 65 0.510645
12 66 0.508505
12 67 0.505614
12 68 0.501864
12 69 0.497262
12 70 0.491722
12 71 0.485267
12 72 0.477833
12 73 0.469464
12 74 0.460122
12 75 0.449869
12 76 0.438689
12 77 0.426660
12 78 0.413785
12 79 0.400150
12 80 0.385771
12 81 0.370739
12 82 0.355076
12 83 0.338870
12 84 0.322146
12 85 0.304985
12 86 0.287410
12 87 0.269495
12 88 0.251259
12 89 0.232764
12 90 0.214028
12 91 0.195101
12 92 0.175996
12 93 0.156756
12 94 0.137390
12 95 0.117931
12 96 0.098387
12 97 0.078783
12 98 0.059127
12 99 0.039438
12 100 0.019724
13 1 0.020299
13 2 0.040581
13 3 0.060822
13 4 0.081008
13 5 0.101109
13 6 0.121112
13 7 0.140980
13 8 0.160697
13 9 0.180219
13 10 0.199529
13 11 0.218570
13 12 0.237324
13 13 0.255726
13 14 0.273755
13 15 0.291337
13 16 0.308451
13 17 0.325016
13 18 0.341017
13 19 0.356368
13 20 0.371061
13 21 0.385015
13 22 0.398233
13 23 0.410640
13 24 0.422260
13 25 0.433029
13 26 0.442991
13 27 0.452101
13 28 0.460424
13 29 0.467931
13 30 0.474710
13 31 0.480746
13 32 0.486146
13 33 0.490906
13 34 0.495145
13 35 0.498862
13 36 0.502186
13 37 0.505114
13 38 0.507776
13 39 0.510165
13 40 0.512406
13 41 0.514484
13 42 0.516516
13 43 0.518474
13 44 0.520468
13 45 0.522456
13 46 0.524535
13 47 0.526651
13 48 0.528888
13 49 0.531177
13 50 0.533588
13 51 0.536038
13 52 0.538584
13 53 0.541128
13 54 0.543712
13 55 0.546224
13 56 0.548690
13 57 0.550987
13 58 0.553126
13 59 0.554972
13 60 0.556524
13 61 0.557637
13 62 0.558302
13 63 0.558371
13 64 0.557829
13 65 0.556533
13 66 0.554469
13 67 0.551507
13 68 0.547641
13 69 0.542762
13 70 0.536882
13 71 0.529916
13 72 0.521901
13 73 0.512781
13 74 0.502616
13 75 0.491380
13 76 0.479153
13 77 0.465934
13 78 0.451818
13 79 0.436820
13 80 0.421043
13 81 0.404514
13 82 0.387333
13 83 0.369532
13 84 0.351206
13 85 0.332384
13 86 0.313152
13 87 0.293536
13 88 0.273609
13 89 0.253393
13 90 0.232948
13 91 0.212291
13 92 0.191471
13 93 0.170500
13 94 0.149417
13 95 0.128230
13 96 0.106970
13 97 0.085644
13 98 0.064274
13 99 0.042866
13 100 0.021439
14 1 0.021978
14 2 0.043937
14 3 0.065860
14 4 0.087722
14 5 0.109509
14 6 0.131187
14 7 0.152741
14 8 0.174129
14 9 0.195333
14 10 0.216300
14 11 0.237010
14 12 0.257397
14 13 0.277437
14 14 0.297054
14 15 0.316222
14 16 0.334854
14 17 0.352927
14 18 0.370346
14 19 0.387092
14 20 0.403071
14 21 0.418273
14 22 0.432612
14 23 0.446094
14 24 0.458643
14 25 0.470291
14 26 0.480978
14 27 0.490762
14 28 0.499605
14 29 0.507591
14 30 0.514700
14 31 0.521042
14 32 0.526612
14 33 0.531537
14 34 0.535821
14 35 0.539604
14 36 0.542891
14 37 0.545825
14 38 0.548408
14 39 0.550782
14 40 0.552938
14 41 0.555011
14 42 0.556980
14 43 0.558971
14 44 0.560949
14 45 0.563025
14 46 0.565151
14 47 0.567424
14 48 0.569778
14 49 0.572299
14 50 0.574903
14 51 0.577660
14 52 0.580473
14 53 0.583394
14 54 0.586309
14 55 0.589253
14 56 0.592100
14 57 0.594865
14 58 0.597409
14 59 0.599730
14 60 0.601676
14 61 0.603233
14 62 0.604241
14 63 0.604675
14 64 0.604373
14 65 0.603311
14 66 0.601332
14 67 0.598418
14 68 0.594432
14 69 0.589371
14 70 0.583126
14 71 0.575719
14 72 0.567073
14 73 0.557240
14 74 0.546181
14 75 0.533973
14 76 0.520609
14 77 0.506190
14 78 0.490732
14 79 0.474347
14 80 0.457067
14 81 0.439010
14 82 0.420211
14 83 0.400782
14 84 0.380762
14 85 0.360250
14 86 0.339279
14 87 0.317937
14 88 0.296250
14 89 0.274293
14 90 0.252082
14 91 0.229680
14 92 0.207098
14 93 0.184384
14 94 0.161547
14 95 0.138624
14 96 0.115620
14 97 0.092563
14 98 0.069457
14 99 0.046323
14 100 0.023166
15 1 0.023677
15 2 0.047338
15 3 0.070960
15 4 0.094530
15 5 0.118018
15 6 0.141412
15 7 0.164670
15 8 0.187779
15 9 0.210686
15 10 0.233373
15 11 0.255774
15 12 0.277867
15 13 0.299572
15 14 0.320862
15 15 0.341643
15 16 0.361887
15 17 0.381491
15 18 0.400425
15 19 0.418583
15 20 0.435941
15 21 0.452396
15 22 0.467941
15 23 0.482480
15 24 0.496029
15 25 0.508513
15 26 0.519976
15 27 0.530365
15 28 0.539759
15 29 0.548128
15 30 0.555581
15 31 0.562111
15 32 0.567851
15 33 0.572808
15 34 0.577134
15 35 0.580842
15 36 0.584089
15 37 0.586887
15 38 0.589396
15 39 0.591616
15 40 0.593701
15 41 0.595641
15 42 0.597577
15 43 0.599482
15 44 0.601487
15 45 0.603546
15 46 0.605776
15 47 0.608115
15 48 0.610661
15 49 0.613336
15 50 0.616224
15 51 0.619227
15 52 0.622411
15 53 0.625664
15 54 0.629030
15 55 0.632381
15 56 0.635741
15 57 0.638966
15 58 0.642060
15 59 0.644863
15 60 0.647360
15 61 0.649379
15 62 0.650891
15 63 0.651714
15 64 0.651811
15 65 0.651004
15 66 0.649256
15 67 0.646402
15 68 0.642418
15 69 0.637165
15 70 0.630647
15 71 0.622759
15 72 0.613539
15 73 0.602926
15 74 0.590994
15 75 0.577722
15 76 0.563214
15 77 0.547485
15 78 0.530658
15 79 0.512768
15 80 0.493949
15 81 0.474247
15 82 0.453790
15 83 0.432626
15 84 0.410874
15 85 0.388575
15 86 0.365834
15 87 0.342684
15 88 0.319213
15 89 0.295445
15 90 0.271451
15 91 0.247248
15 92 0.222891
15 93 0.198392
15 94 0.173792
15 95 0.149099
15 96 0.124343
15 97 0.099530
15 98 0.074681
15 99 0.049801
15 100 0.024906
16 1 0.025397
16 2 0.050777
16 3 0.076126
16 4 0.101420
16 5 0.126646
16 6 0.151771
16 7 0.176781
16 8 0.201630
16 9 0.226300
16 10 0.250730
16 11 0.274898
16 12 0.298725
16 13 0.322183
16 14 0.345177
16 15 0.367672
16 16 0.389560
16 17 0.410802
16 18 0.431281
16 19 0.450958
16 20 0.469715
16 21 0.487525
16 22 0.504274
16 23 0.519958
16 24 0.534481
16 25 0.547867
16 26 0.560047
16 27 0.571084
16 28 0.580937
16 29 0.589708
16 30 0.597384
16 31 0.604102
16 32 0.609872
16 33 0.614852
16 34 0.619066
16 35 0.622686
16 36 0.625736
16 37 0.628392
16 38 0.630671
16 39 0.632743
16 40 0.634611
16 41 0.636436
16 42 0.638203
16 43 0.640059
16 44 0.641969
16 45 0.644065
16 46 0.646292
16 47 0.648766
16 48 0.651413
16 49 0.654331
16 50 0.657428
16 51 0.660781
16 52 0.664281
16 53 0.667986
16 54 0.671767
16 55 0.675661
16 56 0.679519
16 57 0.683355
16 58 0.687004
16 59 0.690455
16 60 0.693524
16 61 0.696181
16 62 0.698229
16 63 0.699621
16 64 0.700154
16 65 0.699775
16 66 0.698287
16 67 0.695645
16 68 0.691673
16 69 0.686349
16 70 0.679536
16 71 0.671248
16 72 0.661397
16 73 0.650042
16 74 0.637145
16 75 0.622809
16 76 0.607040
16 77 0.589973
16 78 0.571645
16 79 0.552207
16 80 0.531715
16 81 0.510318
16 82 0.488076
16 83 0.465130
16 84 0.441532
16 85 0.417407
16 86 0.392798
16 87 0.367810
16 88 0.342473
16 89 0.316872
16 90 0.291029
16 91 0.265010
16 92 0.238828
16 93 0.212532
16 94 0.186131
16 95 0.159661
16 96 0.133125
16 97 0.106549
16 98 0.079937
16 99 0.053304
16 100 0.026655
17 1 0.027135
17 2 0.054257
17 3 0.081347
17 4 0.108396
17 5 0.135376
17 6 0.162275
17 7 0.189054
17 8 0.215700
17 9 0.242155
17 10 0.268400
17 11 0.294362
17 12 0.320012
17 13 0.345257
17 14 0.370059
17 15 0.394308
17 16 0.417956
17 17 0.440878
17 18 0.463023
17 19 0.484256
17 20 0.504531
17 21 0.523714
17 22 0.541777
17 23 0.558599
17 24 0.574181
17 25 0.588428
17 26 0.601383
17 27 0.612986
17 28 0.623326
17 29 0.632381
17 30 0.640284
17 31 0.647043
17 32 0.652827
17 33 0.657664
17 34 0.661743
17 35 0.665101
17 36 0.667935
17 37 0.670275
17 38 0.672316
17 39 0.674074
17 40 0.675733
17 41 0.677290
17 42 0.678914
17 43 0.680581
17 44 0.682441
17 45 0.684451
17 46 0.686740
17 47 0.689244
17 48 0.692074
17 49 0.695147
17 50 0.698553
17 51 0.702188
17 52 0.706123
17 53 0.710232
17 54 0.714566
17 55 0.718976
17 56 0.723488
17 57 0.727933
17 58 0.732310
17 59 0.736428
17 60 0.740260
17 61 0.743593
17 62 0.746378
17 63 0.748388
17 64 0.749557
17 65 0.749655
17 66 0.748613
17 67 0.746217
17 68 0.742413
17 69 0.737022
17 70 0.730026
17 71 0.721300
17 72 0.710878
17 73 0.698698
17 74 0.684848
17 75 0.669327
17 76 0.652270
17 77 0.633719
17 78 0.613840
17 79 0.592700
17 80 0.570473
17 81 0.547234
17 82 0.523147
17 83 0.498284
17 84 0.472790
17 85 0.446724
17 86 0.420207
17 87 0.393283
17 88 0.366052
17 89 0.338542
17 90 0.310832
17 91 0.282936
17 92 0.254916
17 93 0.226779
17 94 0.198569
17 95 0.170288
17 96 0.141967
17 97 0.113606
17 98 0.085225
17 99 0.056824
17 100 0.028415
18 1 0.028890
18 2 0.057768
18 3 0.086626
18 4 0.115443
18 5 0.144211
18 6 0.172900
18 7 0.201498
18 8 0.229959
18 9 0.258266
18 10 0.286353
18 11 0.314195
18 12 0.341703
18 13 0.368840
18 14 0.395496
18 15 0.421620
18 16 0.447080
18 17 0.471815
18 18 0.495678
18 19 0.518605
18 20 0.540439
18 21 0.561128
18 22 0.580522
18 23 0.598593
18 24 0.615215
18 25 0.630403
18 26 0.644070
18 27 0.656282
18 28 0.667001
18 29 0.676348
18 30 0.684327
18 31 0.691108
18 32 0.696728
18 33 0.701388
18 34 0.705141
18 35 0.708204
18 36 0.710627
18 37 0.712628
18 38 0.714243
18 39 0.715680
18 40 0.716955
18 41 0.718258
18 42 0.719581
18 43 0.721094
18 44 0.722765
18 45 0.724743
18 46 0.726972
18 47 0.729582
18 48 0.732494
18 49 0.735817
18 50 0.739450
18 51 0.743482
18 52 0.747790
18 53 0.752440
18 54 0.757287
18 55 0.762371
18 56 0.767524
18 57 0.772757
18 58 0.777876
18 59 0.782861
18 60 0.787493
18 61 0.791720
18 62 0.795301
18 63 0.798156
18 64 0.800029
18 65 0.800827
18 66 0.800294
18 67 0.798341
18 68 0.794741
18 69 0.789435
18 70 0.782247
18 71 0.773176
18 72 0.762119
18 73 0.749143
18 74 0.734223
18 75 0.717493
18 76 0.698992
18 77 0.678899
18 78 0.657295
18 79 0.634378
18 80 0.610243
18 81 0.585085
18 82 0.558996
18 83 0.532149
18 84 0.504622
18 85 0.476561
18 86 0.448023
18 87 0.419127
18 88 0.389911
18 89 0.360468
18 90 0.330818
18 91 0.301033
18 92 0.271122
18 93 0.241137
18 94 0.211079
18 95 0.180984
18 96 0.150850
18 97 0.120701
18 98 0.090534
18 99 0.060361
18 100 0.030181
19 1 0.030659
19 2 0.061311
19 3 0.091946
19 4 0.122559
19 5 0.153127
19 6 0.183647
19 7 0.214080
19 8 0.244415
19 9 0.274597
19 10 0.304606
19 11 0.334361
19 12 0.363830
19 13 0.392905
19 14 0.421538
19 15 0.449596
19 16 0.477011
19 17 0.503626
19 18 0.529364
19 19 0.554047
19 20 0.577598
19 21 0.599837
19 22 0.620703
19 23 0.640035
19 24 0.657808
19 25 0.673900
19 26 0.688344
19 27 0.701073
19 28 0.712189
19 29 0.721682
19 30 0.729718
19 31 0.736335
19 32 0.741747
19 33 0.746021
19 34 0.749397
19 35 0.751947
19 36 0.753916
19 37 0.755365
19 38 0.756530
19 39 0.757449
19 40 0.758337
19 41 0.759206
19 42 0.760250
19 43 0.761450
19 44 0.762976
19 45 0.764784
19 46 0.767021
19 47 0.769618
19 48 0.772701
19 49 0.776175
19 50 0.780146
19 51 0.784498
19 52 0.789312
19 53 0.794449
19 54 0.799965
19 55 0.805697
19 56 0.811670
19 57 0.817693
19 58 0.823759
19 59 0.829646
19 60 0.835308
19 61 0.840494
19 62 0.845120
19 63 0.848906
19 64 0.851740
19 65 0.853329
19 66 0.853548
19 67 0.852114
19 68 0.848920
19 69 0.843730
19 70 0.836489
19 71 0.827038
19 72 0.815407
19 73 0.801531
19 74 0.785529
19 75 0.767429
19 76 0.747419
19 77 0.725590
19 78 0.702167
19 79 0.677272
19 80 0.651132
19 81 0.623868
19 82 0.595689
19 83 0.566695
19 84 0.537066
19 85 0.506876
19 86 0.476267
19 87 0.445292
19 88 0.414059
19 89 0.382599
19 90 0.350993
19 91 0.319255
19 92 0.287446
19 93 0.255566
19 94 0.223658
19 95 0.191718
19 96 0.159773
19 97 0.127816
19 98 0.095862
19 99 0.063906
19 100 0.031953
20 1 0.032438
20 2 0.064872
20 3 0.097304
20 4 0.129719
20 5 0.162121
20 6 0.194481
20 7 0.226798
20 8 0.259026
20 9 0.291153
20 10 0.323112
20 11 0.354876
20 12 0.386349
20 13 0.417485
20 14 0.448157
20 15 0.478297
20 16 0.507743
20 17 0.536409
20 18 0.564103
20 19 0.590725
20 20 0.616067
20 21 0.640033
20 22 0.662420
20 23 0.683159
20 24 0.702082
20 25 0.719177
20 26 0.734334
20 27 0.747620
20 28 0.759000
20 29 0.768625
20 30 0.776528
20 31 0.782928
20 32 0.787905
20 33 0.791723
20 34 0.794479
20 35 0.796449
20 36 0.797724
20 37 0.798574
20 38 0.799063
20 39 0.799440
20 40 0.799738
20 41 0.800178
20 42 0.800762
20 43 0.801681
20 44 0.802905
20 45 0.804601
20 46 0.806711
20 47 0.809376
20 48 0.812514
20 49 0.816245
20 50 0.820461
20 51 0.825259
20 52 0.830509
20 53 0.836283
20 54 0.842427
20 55 0.848981
20 56 0.855764
20 57 0.862783
20 58 0.869821
20 59 0.876845
20 60 0.883600
20 61 0.890009
20 62 0.895777
20 63 0.900782
20 64 0.904697
20 65 0.907366
20 66 0.908455
20 67 0.907802
20 68 0.905097
20 69 0.900222
20 70 0.892941
20 71 0.883220
20 72 0.870938
20 73 0.856176
20 74 0.838933
20 75 0.819397
20 76 0.797664
20 77 0.773987
20 78 0.748513
20 79 0.721514
20 80 0.693146
20 81 0.663661
20 82 0.633195
20 83 0.601964
20 84 0.570070
20 85 0.537686
20 86 0.504879
20 87 0.471782
20 88 0.438435
20 89 0.404935
20 90 0.371300
20 91 0.337600
20 92 0.303839
20 93 0.270064
20 94 0.236270
20 95 0.202488
20 96 0.168707
20 97 0.134946
20 98 0.101193
20 99 0.067456
20 100 0.033725
21 1 0.034222
21 2 0.068448
21 3 0.102678
21 4 0.136918
21 5 0.171155
21 6 0.205394
21 7 0.239604
21 8 0.273784
21 9 0.307878
21 10 0.341872
21 11 0.375683
21 12 0.409275
21 13 0.442530
21 14 0.475388
21 15 0.507691
21 16 0.539348
21 17 0.570163
21 18 0.600017
21 19 0.628682
21 20 0.656026
21 21 0.681807
21 22 0.705906
21 23 0.728100
21 24 0.748317
21 25 0.766391
21 26 0.782337
21 27 0.796073
21 28 0.807720
21 29 0.817291
21 30 0.825003
21 31 0.830943
21 32 0.835396
21 33 0.838487
21 34 0.840528
21 35 0.841646
21 36 0.842150
21 37 0.842142
21 38 0.841906
21 39 0.841509
21 40 0.841201
21 41 0.841007
21 42 0.841147
21 43 0.841607
21 44 0.842575
21 45 0.844005
21 46 0.846059
21 47 0.848662
21 48 0.851952
21 49 0.855829
21 50 0.860408
21 51 0.865567
21 52 0.871396
21 53 0.877749
21 54 0.884687
21 55 0.892037
21 56 0.899828
21 57 0.907852
21 58 0.916096
21 59 0.924311
21 60 0.932432
21 61 0.940164
21 62 0.947384
21 63 0.953746
21 64 0.959074
21 65 0.962985
21 66 0.965269
21 67 0.965541
21 68 0.963602
21 69 0.959121
21 70 0.951979
21 71 0.941964
21 72 0.929089
21 73 0.913300
21 74 0.894761
21 75 0.873561
21 76 0.849975
21 77 0.824180
21 78 0.796496
21 79 0.767125
21 80 0.736378
21 81 0.704435
21 82 0.671561
21 83 0.637897
21 84 0.603651
21 85 0.568918
21 86 0.533857
21 87 0.498522
21 88 0.463030
21 89 0.427405
21 90 0.391729
21 91 0.356006
21 92 0.320293
21 93 0.284581
21 94 0.248907
21 95 0.213256
21 96 0.177649
21 97 0.142069
21 98 0.106525
21 99 0.071001
21 100 0.035497
22 1 0.036006
22 2 0.072021
22 3 0.108060
22 4 0.144121
22 5 0.180218
22 6 0.216337
22 7 0.252485
22 8 0.288626
22 9 0.324758
22 10 0.360814
22 11 0.396774
22 12 0.432536
22 13 0.468051
22 14 0.503174
22 15 0.537820
22 16 0.571796
22 17 0.604976
22 18 0.637120
22 19 0.668070
22 20 0.697548
22 21 0.725385
22 22 0.751299
22 23 0.775149
22 24 0.796695
22 25 0.815878
22 26 0.832548
22 27 0.846770
22 28 0.858516
22 29 0.867980
22 30 0.875249
22 31 0.880621
22 32 0.884249
22 33 0.886484
22 34 0.887499
22 35 0.887650
22 36 0.887087
22 37 0.886139
22 38 0.884912
22 39 0.883697
22 40 0.882549
22 41 0.881718
22 42 0.881212
22 43 0.881244
22 44 0.881782
22 45 0.883008
22 46 0.884858
22 47 0.887485
22 48 0.890801
22 49 0.894936
22 50 0.899776
22 51 0.905430
22 52 0.911760
22 53 0.918849
22 54 0.926535
22 55 0.934869
22 56 0.943659
22 57 0.952913
22 58 0.962399
22 59 0.972075
22 60 0.981653
22 61 0.991027
22 62 0.999847
22 63 1.007932
22 64 1.014868
22 65 1.020408
22 66 1.024097
22 67 1.025657
22 68 1.024648
22 69 1.020839
22 70 1.013891
22 71 1.003713
22 72 0.990152
22 73 0.973313
22 74 0.953249
22 75 0.930241
22 76 0.904494
22 77 0.876381
22 78 0.846164
22 79 0.814225
22 80 0.780806
22 81 0.746241
22 82 0.710719
22 83 0.674502
22 84 0.637718
22 85 0.600562
22 86 0.563108
22 87 0.525495
22 88 0.487757
22 89 0.449991
22 90 0.412203
22 91 0.374457
22 92 0.336744
22 93 0.299105
22 94 0.261520
22 95 0.224014
22 96 0.186563
22 97 0.149177
22 98 0.111835
22 99 0.074536
22 100 0.037261
23 1 0.037782
23 2 0.075584
23 3 0.113419
23 4 0.151311
23 5 0.189260
23 6 0.227287
23 7 0.265373
23 8 0.303529
23 9 0.341712
23 10 0.379916
23 11 0.418063
23 12 0.456120
23 13 0.493964
23 14 0.531523
23 15 0.568620
23 16 0.605135
23 17 0.640827
23 18 0.675526
23 19 0.708930
23 20 0.740829
23 21 0.770886
23 22 0.798885
23 23 0.824501
23 24 0.847579
23 25 0.867875
23 26 0.885362
23 27 0.899941
23 28 0.911755
23 29 0.920865
23 30 0.927568
23 31 0.932041
23 32 0.934678
23 33 0.935702
23 34 0.935530
23 35 0.934370
23 36 0.932612
23 37 0.930415
23 38 0.928118
23 39 0.925817
23 40 0.923800
23 41 0.922103
23 42 0.920965
23 43 0.920374
23 44 0.920532
23 45 0.921387
23 46 0.923110
23 47 0.925621
23 48 0.929065
23 49 0.933338
23 50 0.938564
23 51 0.944615
23 52 0.951595
23 53 0.959352
23 54 0.967962
23 55 0.977247
23 56 0.987245
23 57 0.997743
23 58 1.008728
23 59 1.019935
23 60 1.031286
23 61 1.042443
23 62 1.053243
23 63 1.063265
23 64 1.072246
23 65 1.079682
23 66 1.085230
23 67 1.088342
23 68 1.088661
23 69 1.085694
23 70 1.079190
23 71 1.068845
23 72 1.054641
23 73 1.036549
23 74 1.014817
23 75 0.989661
23 76 0.961505
23 77 0.930686
23 78 0.897674
23 79 0.862802
23 80 0.826491
23 81 0.789004
23 82 0.750672
23 83 0.711673
23 84 0.672249
23 85 0.632502
23 86 0.592600
23 87 0.552591
23 88 0.512585
23 89 0.472597
23 90 0.432696
23 91 0.392874
23 92 0.353173
23 93 0.313573
23 94 0.274096
23 95 0.234715
23 96 0.195440
23 97 0.156242
23 98 0.117121
23 99 0.078048
23 100 0.039016
24 1 0.039543
24 2 0.079113
24 3 0.118742
24 4 0.158446
24 5 0.198258
24 6 0.238179
24 7 0.278235
24 8 0.318406
24 9 0.358704
24 10 0.399076
24 11 0.439513
24 12 0.479917
24 13 0.520242
24 14 0.560335
24 15 0.600095
24 16 0.639297
24 17 0.677776
24 18 0.715226
24 19 0.751412
24 20 0.785954
24 21 0.818572
24 22 0.848853
24 23 0.876532
24 24 0.901244
24 25 0.922832
24 26 0.941083
24 27 0.956040
24 28 0.967700
24 29 0.976330
24 30 0.982115
24 31 0.985484
24 32 0.986720
24 33 0.986313
24 34 0.984548
24 35 0.981893
24 36 0.978577
24 37 0.975005
24 38 0.971328
24 39 0.967879
24 40 0.964732
24 41 0.962159
24 42 0.960171
24 43 0.958992
24 44 0.958585
24 45 0.959137
24 46 0.960576
24 47 0.963064
24 48 0.966501
24 49 0.971028
24 50 0.976526
24 51 0.983113
24 52 0.990652
24 53 0.999239
24 54 1.008713
24 55 1.019142
24 56 1.030332
24 57 1.042309
24 58 1.054835
24 59 1.067870
24 60 1.081110
24 61 1.094426
24 62 1.107417
24 63 1.119838
24 64 1.131168
24 65 1.141032
24 66 1.148798
24 67 1.153996
24 68 1.155961
24 69 1.154249
24 70 1.148332
24 71 1.137989
24 72 1.123019
24 73 1.103568
24 74 1.079811
24 75 1.052212
24 76 1.021181
24 77 0.987308
24 78 0.951044
24 79 0.912934
24 80 0.873350
24 81 0.832718
24 82 0.791290
24 83 0.749369
24 84 0.707101
24 85 0.664687
24 86 0.622198
24 87 0.579761
24 88 0.537396
24 89 0.495183
24 90 0.453111
24 91 0.411227
24 92 0.369503
24 93 0.327963
24 94 0.286574
24 95 0.245345
24 96 0.204239
24 97 0.163254
24 98 0.122356
24 99 0.081533
24 100 0.040754
25 1 0.041278
25 2 0.082597
25 3 0.123989
25 4 0.165499
25 5 0.207147
25 6 0.248975
25 7 0.290984
25 8 0.333208
25 9 0.375621
25 10 0.418238
25 11 0.460994
25 12 0.503872
25 13 0.546754
25 14 0.589570
25 15 0.632128
25 16 0.674285
25 17 0.715755
25 18 0.756304
25 19 0.795536
25 20 0.833128
25 21 0.868594
25 22 0.901561
25 23 0.931529
25 24 0.958179
25 25 0.981127
25 26 1.000257
25 27 1.015436
25 28 1.026845
25 29 1.034639
25 30 1.039262
25 31 1.041059
25 32 1.040602
25 33 1.038280
25 34 1.034662
25 35 1.030076
25 36 1.025015
25 37 1.019702
25 38 1.014536
25 39 1.009638
25 40 1.005323
25 41 1.001630
25 42 0.998809
25 43 0.996839
25 44 0.995924
25 45 0.996000
25 46 0.997242
25 47 0.999557
25 48 1.003097
25 49 1.007748
25 50 1.013646
25 51 1.020660
25 52 1.028907
25 53 1.038240
25 54 1.048753
25 55 1.060275
25 56 1.072869
25 57 1.086328
25 58 1.100660
25 59 1.115601
25 60 1.131078
25 61 1.146734
25 62 1.162372
25 63 1.177500
25 64 1.191755
25 65 1.204478
25 66 1.215122
25 67 1.222882
25 68 1.227111
25 69 1.227010
25 70 1.222060
25 71 1.211761
25 72 1.196028
25 73 1.174892
25 74 1.148789
25 75 1.118194
25 76 1.083832
25 77 1.046320
25 78 1.006381
25 79 0.964542
25 80 0.921371
25 81 0.877229
25 82 0.832507
25 83 0.787412
25 84 0.742193
25 85 0.696948
25 86 0.651828
25 87 0.606859
25 88 0.562130
25 89 0.517629
25 90 0.473403
25 91 0.429419
25 92 0.385700
25 93 0.342203
25 94 0.298935
25 95 0.255852
25 96 0.212948
25 97 0.170180
25 98 0.127535
25 99 0.084973
25 100 0.042472
