76 1 0.019512
76 2 0.039018
76 3 0.058486
76 4 0.077932
76 5 0.097279
76 6 0.116536
76 7 0.135692
76 8 0.154735
76 9 0.173635
76 10 0.192405
76 11 0.211004
76 12 0.229439
76 13 0.247636
76 14 0.265655
76 15 0.283419
76 16 0.300982
76 17 0.318281
76 18 0.335316
76 19 0.352096
76 20 0.368602
76 21 0.384816
76 22 0.400790
76 23 0.416451
76 24 0.431850
76 25 0.446937
76 26 0.461773
76 27 0.476339
76 28 0.490652
76 29 0.504660
76 30 0.518461
76 31 0.532015
76 32 0.545396
76 33 0.558531
76 34 0.571545
76 35 0.584347
76 36 0.597074
76 37 0.609641
76 38 0.622165
76 39 0.634591
76 40 0.646999
76 41 0.659390
76 42 0.671791
76 43 0.684230
76 44 0.696727
76 45 0.709297
76 46 0.721971
76 47 0.734759
76 48 0.747714
76 49 0.760797
76 50 0.774100
76 51 0.787538
76 52 0.801191
76 53 0.815042
76 54 0.829092
76 55 0.843374
76 56 0.857862
76 57 0.872518
76 58 0.887342
76 59 0.902286
76 60 0.917297
76 61 0.932306
76 62 0.947269
76 63 0.961993
76 64 0.976436
76 65 0.990347
76 66 1.003594
76 67 1.015830
76 68 1.026829
76 69 1.036185
76 70 1.043544
76 71 1.048435
76 72 1.050472
76 73 1.049190
76 74 1.044198
76 75 1.035160
76 76 1.021901
76 77 1.004327
76 78 0.982535
76 79 0.956658
76 80 0.927102
76 81 0.894203
76 82 0.858396
76 83 0.820115
76 84 0.779802
76 85 0.737823
76 86 0.694544
76 87 0.650206
76 88 0.605108
76 89 0.559437
76 90 0.513363
76 91 0.467003
76 92 0.420445
76 93 0.373787
76 94 0.327026
76 95 0.280279
76 96 0.233520
76 97 0.186781
76 98 0.140071
76 99 0.093383
76 100 0.046680
77 1 0.018642
77 2 0.037228
77 3 0.055825
77 4 0.074360
77 5 0.092804
77 6 0.111188
77 7 0.129466
77 8 0.147627
77 9 0.165657
77 10 0.183582
77 11 0.201360
77 12 0.218952
77 13 0.236352
77 14 0.253540
77 15 0.270563
77 16 0.287344
77 17 0.303892
77 18 0.320206
77 19 0.336289
77 20 0.352085
77 21 0.367663
77 22 0.382948
77 23 0.398011
77 24 0.412777
77 25 0.427296
77 26 0.441558
77 27 0.455593
77 28 0.469382
77 29 0.482932
77 30 0.496229
77 31 0.509346
77 32 0.522246
77 33 0.534989
77 34 0.547533
77 35 0.559998
77 36 0.572275
77 37 0.584503
77 38 0.596608
77 39 0.608673
77 40 0.620678
77 41 0.632668
77 42 0.644671
77 43 0.656691
77 44 0.668752
77 45 0.680865
77 46 0.693069
77 47 0.705366
77 48 0.717782
77 49 0.730358
77 50 0.743013
77 51 0.755841
77 52 0.768811
77 53 0.781925
77 54 0.795217
77 55 0.808664
77 56 0.822221
77 57 0.835893
77 58 0.849632
77 59 0.863414
77 60 0.877152
77 61 0.890811
77 62 0.904245
77 63 0.917421
77 64 0.930138
77 65 0.942295
77 66 0.953628
77 67 0.963944
77 68 0.972930
77 69 0.980340
77 70 0.985793
77 71 0.988943
77 72 0.989479
77 73 0.987032
77 74 0.981292
77 75 0.972014
77 76 0.959058
77 77 0.942402
77 78 0.922028
77 79 0.898122
77 80 0.870904
77 81 0.840722
77 82 0.807862
77 83 0.772695
77 84 0.735541
77 85 0.696775
77 86 0.656637
77 87 0.615415
77 88 0.573338
77 89 0.530574
77 90 0.487318
77 91 0.443669
77 92 0.399757
77 93 0.355602
77 94 0.311314
77 95 0.266931
77 96 0.222489
77 97 0.178022
77 98 0.133538
77 99 0.089031
77 100 0.044518
78 1 0.017754
78 2 0.035506
78 3 0.053183
78 4 0.070829
78 5 0.088414
78 6 0.105911
78 7 0.123343
78 8 0.140647
78 9 0.157852
78 10 0.174930
78 11 0.191881
78 12 0.208650
78 13 0.225250
78 14 0.241674
78 15 0.257901
78 16 0.273937
78 17 0.289739
78 18 0.305349
78 19 0.320702
78 20 0.335856
78 21 0.350740
78 22 0.365400
78 23 0.379804
78 24 0.393975
78 25 0.407891
78 26 0.421601
78 27 0.435085
78 28 0.448347
78 29 0.461384
78 30 0.474235
78 31 0.486849
78 32 0.499306
78 33 0.511574
78 34 0.523734
78 35 0.535732
78 36 0.547636
78 37 0.559420
78 38 0.571131
78 39 0.582773
78 40 0.594380
78 41 0.605953
78 42 0.617527
78 43 0.629093
78 44 0.640704
78 45 0.652366
78 46 0.664079
78 47 0.675868
78 48 0.687761
78 49 0.699733
78 50 0.711811
78 51 0.723987
78 52 0.736277
78 53 0.748672
78 54 0.761201
78 55 0.773802
78 56 0.786487
78 57 0.799181
78 58 0.811897
78 59 0.824550
78 60 0.837102
78 61 0.849467
78 62 0.861566
78 63 0.873267
78 64 0.884485
78 65 0.895021
78 66 0.904723
78 67 0.913338
78 68 0.920653
78 69 0.926400
78 70 0.930321
78 71 0.932089
78 72 0.931464
78 73 0.928141
78 74 0.921895
78 75 0.912543
78 76 0.899968
78 77 0.884133
78 78 0.865073
78 79 0.842857
78 80 0.817735
78 81 0.789895
78 82 0.759643
78 83 0.727223
78 84 0.692940
78 85 0.657049
78 86 0.619846
78 87 0.581484
78 88 0.542224
78 89 0.502243
78 90 0.461651
78 91 0.420634
78 92 0.379246
78 93 0.337585
78 94 0.295682
78 95 0.253649
78 96 0.211492
78 97 0.169250
78 98 0.126989
78 99 0.084690
78 100 0.042345
79 1 0.016894
79 2 0.033765
79 3 0.050583
79 4 0.067363
79 5 0.084088
79 6 0.100760
79 7 0.117326
79 8 0.133815
79 9 0.150186
79 10 0.166456
79 11 0.182562
79 12 0.198542
79 13 0.214340
79 14 0.229974
79 15 0.245455
79 16 0.260736
79 17 0.275820
79 18 0.290683
79 19 0.305388
79 20 0.319824
79 21 0.334064
79 22 0.348068
79 23 0.361859
79 24 0.375409
79 25 0.388773
79 26 0.401881
79 27 0.414815
79 28 0.427517
79 29 0.440057
79 30 0.452389
79 31 0.464563
79 32 0.476515
79 33 0.488357
79 34 0.500036
79 35 0.511628
79 36 0.523070
79 37 0.534422
79 38 0.545713
79 39 0.556945
79 40 0.568102
79 41 0.579242
79 42 0.590365
79 43 0.601481
79 44 0.612616
79 45 0.623798
79 46 0.635019
79 47 0.646298
79 48 0.657646
79 49 0.669028
79 50 0.680506
79 51 0.692037
79 52 0.703655
79 53 0.715352
79 54 0.727093
79 55 0.738884
79 56 0.750673
79 57 0.762472
79 58 0.774184
79 59 0.785797
79 60 0.797230
79 61 0.808412
79 62 0.819245
79 63 0.829660
79 64 0.839494
79 65 0.848623
79 66 0.856866
79 67 0.864056
79 68 0.869913
79 69 0.874323
79 70 0.876969
79 71 0.877658
79 72 0.876127
79 73 0.872175
79 74 0.865608
79 75 0.856289
79 76 0.844127
79 77 0.829097
79 78 0.811212
79 79 0.790538
79 80 0.767241
79 81 0.741530
79 82 0.713560
79 83 0.683640
79 84 0.651931
79 85 0.618704
79 86 0.584133
79 87 0.548472
79 88 0.511865
79 89 0.474479
79 90 0.436454
79 91 0.397932
79 92 0.359009
79 93 0.319741
79 94 0.280201
79 95 0.240458
79 96 0.200570
79 97 0.160573
79 98 0.120498
79 99 0.080352
79 100 0.040190
80 1 0.016024
80 2 0.032034
80 3 0.048027
80 4 0.063960
80 5 0.079847
80 6 0.095663
80 7 0.111403
80 8 0.127057
80 9 0.142635
80 10 0.158069
80 11 0.173392
80 12 0.188584
80 13 0.203590
80 14 0.218482
80 15 0.233191
80 16 0.247728
80 17 0.262079
80 18 0.276270
80 19 0.290223
80 20 0.304019
80 21 0.317588
80 22 0.330968
80 23 0.344121
80 24 0.357074
80 25 0.369824
80 26 0.382382
80 27 0.394724
80 28 0.406893
80 29 0.418879
80 30 0.430751
80 31 0.442394
80 32 0.453906
80 33 0.465242
80 34 0.476487
80 35 0.487594
80 36 0.498619
80 37 0.509514
80 38 0.520365
80 39 0.531128
80 40 0.541853
80 41 0.552520
80 42 0.563174
80 43 0.573829
80 44 0.584512
80 45 0.595198
80 46 0.605911
80 47 0.616664
80 48 0.627427
80 49 0.638259
80 50 0.649118
80 51 0.660035
80 52 0.670971
80 53 0.681960
80 54 0.692961
80 55 0.703960
80 56 0.714934
80 57 0.725826
80 58 0.736603
80 59 0.747210
80 60 0.757609
80 61 0.767696
80 62 0.777393
80 63 0.786610
80 64 0.795224
80 65 0.803115
80 66 0.810106
80 67 0.816031
80 68 0.820720
80 69 0.823964
80 70 0.825615
80 71 0.825419
80 72 0.823221
80 73 0.818801
80 74 0.812080
80 75 0.802885
80 76 0.791172
80 77 0.776900
80 78 0.760099
80 79 0.740835
80 80 0.719209
80 81 0.695370
80 82 0.669527
80 83 0.641819
80 84 0.612466
80 85 0.581656
80 86 0.549583
80 87 0.516376
80 88 0.482263
80 89 0.447348
80 90 0.411766
80 91 0.375640
80 92 0.339092
80 93 0.302166
80 94 0.264921
80 95 0.227446
80 96 0.189768
80 97 0.151965
80 98 0.114050
80 99 0.076085
80 100 0.038044
81 1 0.015180
81 2 0.030356
81 3 0.045481
81 4 0.060607
81 5 0.075655
81 6 0.090665
81 7 0.105572
81 8 0.120408
81 9 0.135168
81 10 0.149811
81 11 0.164350
81 12 0.178745
81 13 0.193026
81 14 0.207124
81 15 0.221089
81 16 0.234898
81 17 0.248551
81 18 0.262007
81 19 0.275315
81 20 0.288411
81 21 0.301339
81 22 0.314055
81 23 0.326588
81 24 0.338923
81 25 0.351090
81 26 0.363051
81 27 0.374850
81 28 0.386447
81 29 0.397920
81 30 0.409230
81 31 0.420401
81 32 0.431404
81 33 0.442285
81 34 0.453019
81 35 0.463699
81 36 0.474232
81 37 0.484690
81 38 0.495054
81 39 0.505380
81 40 0.515631
81 41 0.525845
81 42 0.536026
81 43 0.546199
81 44 0.556385
81 45 0.566566
81 46 0.576769
81 47 0.586961
81 48 0.597197
81 49 0.607432
81 50 0.617698
81 51 0.627988
81 52 0.638262
81 53 0.648565
81 54 0.658839
81 55 0.669070
81 56 0.679236
81 57 0.689289
81 58 0.699173
81 59 0.708866
81 60 0.718276
81 61 0.727366
81 62 0.736010
81 63 0.744180
81 64 0.751699
81 65 0.758479
81 66 0.764386
81 67 0.769266
81 68 0.772933
81 69 0.775248
81 70 0.776068
81 71 0.775215
81 72 0.772476
81 73 0.767792
81 74 0.760970
81 75 0.752018
81 76 0.740736
81 77 0.727229
81 78 0.711427
81 79 0.693475
81 80 0.673354
81 81 0.651272
81 82 0.627299
81 83 0.601668
81 84 0.574464
81 85 0.545887
81 86 0.516093
81 87 0.485252
81 88 0.453449
81 89 0.420867
81 90 0.387628
81 91 0.353822
81 92 0.319542
81 93 0.284886
81 94 0.249891
81 95 0.214610
81 96 0.179121
81 97 0.143479
81 98 0.107702
81 99 0.071845
81 100 0.035941
82 1 0.014346
82 2 0.028686
82 3 0.043003
82 4 0.057278
82 5 0.071547
82 6 0.085707
82 7 0.099843
82 8 0.113880
82 9 0.127829
82 10 0.141674
82 11 0.155427
82 12 0.169067
82 13 0.182567
82 14 0.195935
82 15 0.209159
82 16 0.222259
82 17 0.235183
82 18 0.247965
82 19 0.260560
82 20 0.272991
82 21 0.285252
82 22 0.297360
82 23 0.309231
82 24 0.320980
82 25 0.332516
82 26 0.343942
82 27 0.355142
82 28 0.366206
82 29 0.377121
82 30 0.387912
82 31 0.398562
82 32 0.409054
82 33 0.419440
82 34 0.429720
82 35 0.439860
82 36 0.449951
82 37 0.459915
82 38 0.469838
82 39 0.479669
82 40 0.489466
82 41 0.499206
82 42 0.508903
82 43 0.518594
82 44 0.528263
82 45 0.537931
82 46 0.547579
82 47 0.557254
82 48 0.566913
82 49 0.576586
82 50 0.586262
82 51 0.595922
82 52 0.605568
82 53 0.615175
82 54 0.624751
82 55 0.634246
82 56 0.643645
82 57 0.652884
82 58 0.661939
82 59 0.670749
82 60 0.679281
82 61 0.687430
82 62 0.695161
82 63 0.702343
82 64 0.708917
82 65 0.714739
82 66 0.719720
82 67 0.723670
82 68 0.726506
82 69 0.728059
82 70 0.728223
82 71 0.726818
82 72 0.723736
82 73 0.718825
82 74 0.712083
82 75 0.703330
82 76 0.692583
82 77 0.679761
82 78 0.664977
82 79 0.648193
82 80 0.629520
82 81 0.608993
82 82 0.586823
82 83 0.563028
82 84 0.537848
82 85 0.511330
82 86 0.483687
82 87 0.454999
82 88 0.425438
82 89 0.395064
82 90 0.364030
82 91 0.332450
82 92 0.300379
82 93 0.267912
82 94 0.235078
82 95 0.201964
82 96 0.168620
82 97 0.135091
82 98 0.101431
82 99 0.067665
82 100 0.033843
83 1 0.013530
83 2 0.027049
83 3 0.040553
83 4 0.054025
83 5 0.067441
83 6 0.080849
83 7 0.094151
83 8 0.107433
83 9 0.120583
83 10 0.133661
83 11 0.146634
83 12 0.159506
83 13 0.172242
83 14 0.184885
83 15 0.197394
83 16 0.209758
83 17 0.222008
83 18 0.234054
83 19 0.245980
83 20 0.257745
83 21 0.269353
83 22 0.280787
83 23 0.292078
83 24 0.303170
83 25 0.314161
83 26 0.324943
83 27 0.335620
83 28 0.346132
83 29 0.356496
83 30 0.366750
83 31 0.376861
83 32 0.386865
83 33 0.396736
83 34 0.406479
83 35 0.416167
83 36 0.425727
83 37 0.435227
83 38 0.444636
83 39 0.454027
83 40 0.463324
83 41 0.472589
83 42 0.481797
83 43 0.490966
83 44 0.500136
83 45 0.509273
83 46 0.518415
83 47 0.527532
83 48 0.536658
83 49 0.545747
83 50 0.554833
83 51 0.563873
83 52 0.572883
83 53 0.581841
83 54 0.590725
83 55 0.599526
83 56 0.608182
83 57 0.616682
83 58 0.624934
83 59 0.632948
83 60 0.640633
83 61 0.647958
83 62 0.654823
83 63 0.661158
83 64 0.666864
83 65 0.671867
83 66 0.676009
83 67 0.679225
83 68 0.681336
83 69 0.682286
83 70 0.681901
83 71 0.680114
83 72 0.676747
83 73 0.671797
83 74 0.665108
83 75 0.656690
83 76 0.646418
83 77 0.634344
83 78 0.620459
83 79 0.604835
83 80 0.587454
83 81 0.568439
83 82 0.547853
83 83 0.525874
83 84 0.502480
83 85 0.477931
83 86 0.452273
83 87 0.425682
83 88 0.398171
83 89 0.369934
83 90 0.341034
83 91 0.311570
83 92 0.281627
83 93 0.251270
83 94 0.220562
83 95 0.189545
83 96 0.158282
83 97 0.126843
83 98 0.095239
83 99 0.063540
83 100 0.031787
84 1 0.012726
84 2 0.025441
84 3 0.038121
84 4 0.050777
84 5 0.063428
84 6 0.076009
84 7 0.088581
84 8 0.101031
84 9 0.113435
84 10 0.125735
84 11 0.137954
84 12 0.150056
84 13 0.162055
84 14 0.173966
84 15 0.185734
84 16 0.197407
84 17 0.208932
84 18 0.220317
84 19 0.231559
84 20 0.242646
84 21 0.253588
84 22 0.264403
84 23 0.275049
84 24 0.285551
84 25 0.295921
84 26 0.306164
84 27 0.316230
84 28 0.326181
84 29 0.335993
84 30 0.345709
84 31 0.355286
84 32 0.364752
84 33 0.374125
84 34 0.383384
84 35 0.392521
84 36 0.401597
84 37 0.410577
84 38 0.419529
84 39 0.428398
84 40 0.437232
84 41 0.445988
84 42 0.454689
84 43 0.463367
84 44 0.472013
84 45 0.480638
84 46 0.489260
84 47 0.497845
84 48 0.506403
84 49 0.514955
84 50 0.523427
84 51 0.531877
84 52 0.540259
84 53 0.548572
84 54 0.556818
84 55 0.564919
84 56 0.572901
84 57 0.580654
84 58 0.588210
84 59 0.595457
84 60 0.602386
84 61 0.608943
84 62 0.615032
84 63 0.620597
84 64 0.625562
84 65 0.629801
84 66 0.633261
84 67 0.635795
84 68 0.637369
84 69 0.637779
84 70 0.637011
84 71 0.634898
84 72 0.631434
84 73 0.626444
84 74 0.619949
84 75 0.611841
84 76 0.602117
84 77 0.590726
84 78 0.577757
84 79 0.563164
84 80 0.547049
84 81 0.529388
84 82 0.510362
84 83 0.489966
84 84 0.468378
84 85 0.445602
84 86 0.421856
84 87 0.397185
84 88 0.371711
84 89 0.345472
84 90 0.318605
84 91 0.291192
84 92 0.263302
84 93 0.235000
84 94 0.206340
84 95 0.177372
84 96 0.148157
84 97 0.118744
84 98 0.089165
84 99 0.059500
84 100 0.029761
85 1 0.011928
85 2 0.023854
85 3 0.035752
85 4 0.047615
85 5 0.059450
85 6 0.071260
85 7 0.083005
85 8 0.094721
85 9 0.106347
85 10 0.117890
85 11 0.129358
85 12 0.140718
85 13 0.151995
85 14 0.163168
85 15 0.174239
85 16 0.185181
85 17 0.195995
85 18 0.206691
85 19 0.217265
85 20 0.227688
85 21 0.237996
85 22 0.248146
85 23 0.258176
85 24 0.268075
85 25 0.277837
85 26 0.287476
85 27 0.296986
85 28 0.306369
85 29 0.315641
85 30 0.324766
85 31 0.333827
85 32 0.342753
85 33 0.351591
85 34 0.360343
85 35 0.368991
85 36 0.377542
85 37 0.386044
85 38 0.394450
85 39 0.402864
85 40 0.411147
85 41 0.419418
85 42 0.427613
85 43 0.435781
85 44 0.443912
85 45 0.452032
85 46 0.460126
85 47 0.468177
85 48 0.476191
85 49 0.484154
85 50 0.492077
85 51 0.499927
85 52 0.507714
85 53 0.515419
85 54 0.523007
85 55 0.530478
85 56 0.537788
85 57 0.544886
85 58 0.551740
85 59 0.558298
85 60 0.564520
85 61 0.570378
85 62 0.575787
85 63 0.580662
85 64 0.584948
85 65 0.588557
85 66 0.591390
85 67 0.593404
85 68 0.594449
85 69 0.594499
85 70 0.593393
85 71 0.591142
85 72 0.587561
85 73 0.582670
85 74 0.576367
85 75 0.568635
85 76 0.559435
85 77 0.548772
85 78 0.536626
85 79 0.523093
85 80 0.508087
85 81 0.491773
85 82 0.474140
85 83 0.455338
85 84 0.435352
85 85 0.414350
85 86 0.392378
85 87 0.369559
85 88 0.345962
85 89 0.321659
85 90 0.296746
85 91 0.271295
85 92 0.245398
85 93 0.219059
85 94 0.192417
85 95 0.165429
85 96 0.138231
85 97 0.110811
85 98 0.083225
85 99 0.055526
85 100 0.027786
86 1 0.011148
86 2 0.022282
86 3 0.033395
86 4 0.044466
86 5 0.055541
86 6 0.066548
86 7 0.077557
86 8 0.088463
86 9 0.099339
86 10 0.110118
86 11 0.120851
86 12 0.131469
86 13 0.142035
86 14 0.152497
86 15 0.162838
86 16 0.173067
86 17 0.183198
86 18 0.193201
86 19 0.203109
86 20 0.212881
86 21 0.222520
86 22 0.232054
86 23 0.241459
86 24 0.250737
86 25 0.259913
86 26 0.268949
86 27 0.277876
86 28 0.286680
86 29 0.295367
86 30 0.303964
86 31 0.312445
86 32 0.320847
86 33 0.329166
86 34 0.337389
86 35 0.345538
86 36 0.353591
86 37 0.361546
86 38 0.369470
86 39 0.377336
86 40 0.385144
86 41 0.392883
86 42 0.400579
86 43 0.408247
86 44 0.415877
86 45 0.423457
86 46 0.431018
86 47 0.438533
86 48 0.446003
86 49 0.453424
86 50 0.460771
86 51 0.468051
86 52 0.475252
86 53 0.482355
86 54 0.489352
86 55 0.496190
86 56 0.502878
86 57 0.509323
86 58 0.515547
86 59 0.521450
86 60 0.527051
86 61 0.532265
86 62 0.537041
86 63 0.541311
86 64 0.545015
86 65 0.548055
86 66 0.550395
86 67 0.551924
86 68 0.552613
86 69 0.552298
86 70 0.550999
86 71 0.548584
86 72 0.545042
86 73 0.540263
86 74 0.534221
86 75 0.526880
86 76 0.518239
86 77 0.508246
86 78 0.496961
86 79 0.484351
86 80 0.470512
86 81 0.455407
86 82 0.439182
86 83 0.421811
86 84 0.403422
86 85 0.384035
86 86 0.363779
86 87 0.342705
86 88 0.320911
86 89 0.298472
86 90 0.275432
86 91 0.251881
86 92 0.227866
86 93 0.203497
86 94 0.178763
86 95 0.153746
86 96 0.128483
86 97 0.103022
86 98 0.077381
86 99 0.051641
86 100 0.025834
87 1 0.010372
87 2 0.020730
87 3 0.031057
87 4 0.041379
87 5 0.051661
87 6 0.061927
87 7 0.072130
87 8 0.082312
87 9 0.092416
87 10 0.102463
87 11 0.112413
87 12 0.122345
87 13 0.132168
87 14 0.141921
87 15 0.151551
87 16 0.161079
87 17 0.170506
87 18 0.179831
87 19 0.189058
87 20 0.198172
87 21 0.207155
87 22 0.216070
87 23 0.224850
87 24 0.233519
87 25 0.242090
87 26 0.250519
87 27 0.258871
87 28 0.267099
87 29 0.275218
87 30 0.283257
87 31 0.291191
87 32 0.299039
87 33 0.306834
87 34 0.314521
87 35 0.322141
87 36 0.329680
87 37 0.337128
87 38 0.344518
87 39 0.351860
87 40 0.359158
87 41 0.366416
87 42 0.373588
87 43 0.380762
87 44 0.387860
87 45 0.394944
87 46 0.401966
87 47 0.408949
87 48 0.415885
87 49 0.422739
87 50 0.429552
87 51 0.436259
87 52 0.442896
87 53 0.449432
87 54 0.455829
87 55 0.462096
87 56 0.468171
87 57 0.474036
87 58 0.479639
87 59 0.484958
87 60 0.489954
87 61 0.494581
87 62 0.498802
87 63 0.502537
87 64 0.505702
87 65 0.508286
87 66 0.510163
87 67 0.511340
87 68 0.511680
87 69 0.511161
87 70 0.509681
87 71 0.507253
87 72 0.503738
87 73 0.499133
87 74 0.493372
87 75 0.486469
87 76 0.478360
87 77 0.469078
87 78 0.458582
87 79 0.446940
87 80 0.434138
87 81 0.420244
87 82 0.405290
87 83 0.389332
87 84 0.372417
87 85 0.354628
87 86 0.335978
87 87 0.316616
87 88 0.296535
87 89 0.275860
87 90 0.254645
87 91 0.232931
87 92 0.210792
87 93 0.188256
87 94 0.165428
87 95 0.142303
87 96 0.118931
87 97 0.095378
87 98 0.071643
87 99 0.047812
87 100 0.023918
88 1 0.009601
88 2 0.019186
88 3 0.028751
88 4 0.038305
88 5 0.047836
88 6 0.057325
88 7 0.066803
88 8 0.076215
88 9 0.085581
88 10 0.094854
88 11 0.104103
88 12 0.113281
88 13 0.122409
88 14 0.131431
88 15 0.140343
88 16 0.149186
88 17 0.157916
88 18 0.166558
88 19 0.175118
88 20 0.183558
88 21 0.191928
88 22 0.200177
88 23 0.208345
88 24 0.216412
88 25 0.224354
88 26 0.232208
88 27 0.239948
88 28 0.247618
88 29 0.255165
88 30 0.262640
88 31 0.270018
88 32 0.277345
88 33 0.284555
88 34 0.291728
88 35 0.298806
88 36 0.305811
88 37 0.312751
88 38 0.319637
88 39 0.326449
88 40 0.333234
88 41 0.339970
88 42 0.346671
88 43 0.353295
88 44 0.359916
88 45 0.366456
88 46 0.372968
88 47 0.379427
88 48 0.385810
88 49 0.392164
88 50 0.398389
88 51 0.404592
88 52 0.410655
88 53 0.416634
88 54 0.422484
88 55 0.428165
88 56 0.433685
88 57 0.438979
88 58 0.444032
88 59 0.448793
88 60 0.453240
88 61 0.457348
88 62 0.461048
88 63 0.464285
88 64 0.467024
88 65 0.469138
88 66 0.470699
88 67 0.471525
88 68 0.471648
88 69 0.470932
88 70 0.469411
88 71 0.466951
88 72 0.463545
88 73 0.459135
88 74 0.453717
88 75 0.447222
88 76 0.439704
88 77 0.431086
88 78 0.421420
88 79 0.410677
88 80 0.398907
88 81 0.386146
88 82 0.372432
88 83 0.357787
88 84 0.342306
88 85 0.325983
88 86 0.308958
88 87 0.291172
88 88 0.272790
88 89 0.253815
88 90 0.234346
88 91 0.214430
88 92 0.194069
88 93 0.173381
88 94 0.152348
88 95 0.131092
88 96 0.109592
88 97 0.087881
88 98 0.066028
88 99 0.044062
88 100 0.022041
89 1 0.008833
89 2 0.017672
89 3 0.026475
89 4 0.035278
89 5 0.044028
89 6 0.052786
89 7 0.061483
89 8 0.070168
89 9 0.078770
89 10 0.087332
89 11 0.095845
89 12 0.104308
89 13 0.112694
89 14 0.121011
89 15 0.129223
89 16 0.137365
89 17 0.145414
89 18 0.153397
89 19 0.161286
89 20 0.169077
89 21 0.176793
89 22 0.184418
89 23 0.191953
89 24 0.199379
89 25 0.206710
89 26 0.213967
89 27 0.221124
89 28 0.228199
89 29 0.235205
89 30 0.242102
89 31 0.248946
89 32 0.255679
89 33 0.262381
89 34 0.268989
89 35 0.275521
89 36 0.282023
89 37 0.288445
89 38 0.294815
89 39 0.301133
89 40 0.307381
89 41 0.313600
89 42 0.319767
89 43 0.325901
89 44 0.331976
89 45 0.338025
89 46 0.344003
89 47 0.349943
89 48 0.355827
89 49 0.361619
89 50 0.367357
89 51 0.372973
89 52 0.378528
89 53 0.383951
89 54 0.389260
89 55 0.394421
89 56 0.399382
89 57 0.404164
89 58 0.408683
89 59 0.412945
89 60 0.416895
89 61 0.420520
89 62 0.423743
89 63 0.426558
89 64 0.428851
89 65 0.430670
89 66 0.431867
89 67 0.432480
89 68 0.432396
89 69 0.431608
89 70 0.430011
89 71 0.427598
89 72 0.424342
89 73 0.420177
89 74 0.415073
89 75 0.409073
89 76 0.402085
89 77 0.394183
89 78 0.385273
89 79 0.375441
89 80 0.364676
89 81 0.353025
89 82 0.340477
89 83 0.327130
89 84 0.312980
89 85 0.298130
89 86 0.282562
89 87 0.266386
89 88 0.249594
89 89 0.232296
89 90 0.214503
89 91 0.196294
89 92 0.177713
89 93 0.158762
89 94 0.139552
89 95 0.120092
89 96 0.100411
89 97 0.080535
89 98 0.060512
89 99 0.040385
89 100 0.020198
90 1 0.008084
90 2 0.016151
90 3 0.024231
90 4 0.032244
90 5 0.040282
90 6 0.048265
90 7 0.056236
90 8 0.064151
90 9 0.072036
90 10 0.079878
90 11 0.087655
90 12 0.095398
90 13 0.103064
90 14 0.110637
90 15 0.118177
90 16 0.125609
90 17 0.133020
90 18 0.140313
90 19 0.147538
90 20 0.154702
90 21 0.161748
90 22 0.168735
90 23 0.175627
90 24 0.182443
90 25 0.189174
90 26 0.195809
90 27 0.202385
90 28 0.208897
90 29 0.215308
90 30 0.221659
90 31 0.227922
90 32 0.234124
90 33 0.240258
90 34 0.246320
90 35 0.252334
90 36 0.258259
90 37 0.264197
90 38 0.270047
90 39 0.275836
90 40 0.281589
90 41 0.287279
90 42 0.292953
90 43 0.298546
90 44 0.304111
90 45 0.309626
90 46 0.315101
90 47 0.320508
90 48 0.325884
90 49 0.331166
90 50 0.336367
90 51 0.341488
90 52 0.346504
90 53 0.351403
90 54 0.356206
90 55 0.360829
90 56 0.365300
90 57 0.369559
90 58 0.373603
90 59 0.377371
90 60 0.380883
90 61 0.384038
90 62 0.386868
90 63 0.389264
90 64 0.391265
90 65 0.392733
90 66 0.393700
90 67 0.394107
90 68 0.393904
90 69 0.393018
90 70 0.391443
90 71 0.389113
90 72 0.386018
90 73 0.382115
90 74 0.377419
90 75 0.371847
90 76 0.365453
90 77 0.358185
90 78 0.350093
90 79 0.341107
90 80 0.331329
90 81 0.320725
90 82 0.309364
90 83 0.297233
90 84 0.284414
90 85 0.270926
90 86 0.256845
90 87 0.242153
90 88 0.226951
90 89 0.211211
90 90 0.195097
90 91 0.178548
90 92 0.161661
90 93 0.144460
90 94 0.126988
90 95 0.109293
90 96 0.091406
90 97 0.073308
90 98 0.055100
90 99 0.036760
90 100 0.018396
91 1 0.007323
91 2 0.014659
91 3 0.021958
91 4 0.029259
91 5 0.036533
91 6 0.043807
91 7 0.051010
91 8 0.058221
91 9 0.065376
91 10 0.072477
91 11 0.079536
91 12 0.086541
91 13 0.093483
91 14 0.100368
91 15 0.107192
91 16 0.113963
91 17 0.120662
91 18 0.127319
91 19 0.133872
91 20 0.140362
91 21 0.146779
91 22 0.153121
91 23 0.159392
91 24 0.165588
91 25 0.171715
91 26 0.177783
91 27 0.183758
91 28 0.189658
91 29 0.195515
91 30 0.201287
91 31 0.206987
91 32 0.212627
91 33 0.218212
91 34 0.223744
91 35 0.229190
91 36 0.234594
91 37 0.239964
91 38 0.245307
91 39 0.250590
91 40 0.255814
91 41 0.261010
91 42 0.266151
91 43 0.271255
91 44 0.276300
91 45 0.281297
91 46 0.286238
91 47 0.291145
91 48 0.295985
91 49 0.300758
91 50 0.305476
91 51 0.310082
91 52 0.314598
91 53 0.319011
91 54 0.323279
91 55 0.327439
91 56 0.331395
91 57 0.335201
91 58 0.338761
91 59 0.342101
91 60 0.345160
91 61 0.347936
91 62 0.350365
91 63 0.352467
91 64 0.354127
91 65 0.355369
91 66 0.356120
91 67 0.356380
91 68 0.356063
91 69 0.355155
91 70 0.353589
91 71 0.351397
91 72 0.348496
91 73 0.344923
91 74 0.340579
91 75 0.335506
91 76 0.329670
91 77 0.323086
91 78 0.315713
91 79 0.307617
91 80 0.298762
91 81 0.289228
91 82 0.278965
91 83 0.268054
91 84 0.256510
91 85 0.244389
91 86 0.231668
91 87 0.218469
91 88 0.204750
91 89 0.190630
91 90 0.176060
91 91 0.161178
91 92 0.145954
91 93 0.130429
91 94 0.114686
91 95 0.098711
91 96 0.082548
91 97 0.066223
91 98 0.049757
91 99 0.033224
91 100 0.016611
92 1 0.006581
92 2 0.013155
92 3 0.019743
92 4 0.026290
92 5 0.032837
92 6 0.039345
92 7 0.045835
92 8 0.052302
92 9 0.058732
92 10 0.065126
92 11 0.071448
92 12 0.077734
92 13 0.083972
92 14 0.090154
92 15 0.096299
92 16 0.102381
92 17 0.108405
92 18 0.114372
92 19 0.120262
92 20 0.126099
92 21 0.131889
92 22 0.137589
92 23 0.143239
92 24 0.148833
92 25 0.154334
92 26 0.159794
92 27 0.165174
92 28 0.170507
92 29 0.175783
92 30 0.180974
92 31 0.186123
92 32 0.191194
92 33 0.196217
92 34 0.201201
92 35 0.206108
92 36 0.210998
92 37 0.215821
92 38 0.220630
92 39 0.225383
92 40 0.230096
92 41 0.234746
92 42 0.239409
92 43 0.243979
92 44 0.248530
92 45 0.253011
92 46 0.257433
92 47 0.261826
92 48 0.266164
92 49 0.270431
92 50 0.274635
92 51 0.278768
92 52 0.282780
92 53 0.286708
92 54 0.290521
92 55 0.294173
92 56 0.297697
92 57 0.301038
92 58 0.304171
92 59 0.307091
92 60 0.309769
92 61 0.312158
92 62 0.314258
92 63 0.316043
92 64 0.317454
92 65 0.318477
92 66 0.319073
92 67 0.319187
92 68 0.318812
92 69 0.317895
92 70 0.316429
92 71 0.314376
92 72 0.311727
92 73 0.308431
92 74 0.304516
92 75 0.299905
92 76 0.294652
92 77 0.288715
92 78 0.282119
92 79 0.274851
92 80 0.266934
92 81 0.258388
92 82 0.249249
92 83 0.239499
92 84 0.229213
92 85 0.218378
92 86 0.207058
92 87 0.195258
92 88 0.183021
92 89 0.170399
92 90 0.157447
92 91 0.144129
92 92 0.130524
92 93 0.116679
92 94 0.102580
92 95 0.088315
92 96 0.073860
92 97 0.059258
92 98 0.044533
92 99 0.029715
92 100 0.014872
93 1 0.005839
93 2 0.011689
93 3 0.017507
93 4 0.023342
93 5 0.029133
93 6 0.034919
93 7 0.040675
93 8 0.046393
93 9 0.052113
93 10 0.057763
93 11 0.063384
93 12 0.068966
93 13 0.074508
93 14 0.080007
93 15 0.085456
93 16 0.090852
93 17 0.096201
93 18 0.101501
93 19 0.106724
93 20 0.111932
93 21 0.117057
93 22 0.122156
93 23 0.127164
93 24 0.132131
93 25 0.137037
93 26 0.141887
93 27 0.146665
93 28 0.151399
93 29 0.156085
93 30 0.160721
93 31 0.165278
93 32 0.169798
93 33 0.174274
93 34 0.178707
93 35 0.183096
93 36 0.187426
93 37 0.191747
93 38 0.196000
93 39 0.200204
93 40 0.204410
93 41 0.208555
93 42 0.212656
93 43 0.216757
93 44 0.220786
93 45 0.224765
93 46 0.228687
93 47 0.232574
93 48 0.236403
93 49 0.240183
93 50 0.243890
93 51 0.247525
93 52 0.251063
93 53 0.254528
93 54 0.257862
93 55 0.261098
93 56 0.264149
93 57 0.267078
93 58 0.269797
93 59 0.272337
93 60 0.274652
93 61 0.276704
93 62 0.278506
93 63 0.280006
93 64 0.281187
93 65 0.282015
93 66 0.282461
93 67 0.282492
93 68 0.282083
93 69 0.281193
93 70 0.279833
93 71 0.277965
93 72 0.275548
93 73 0.272611
93 74 0.269070
93 75 0.264991
93 76 0.260284
93 77 0.255037
93 78 0.249169
93 79 0.242738
93 80 0.235740
93 81 0.228204
93 82 0.220120
93 83 0.211521
93 84 0.202431
93 85 0.192888
93 86 0.182894
93 87 0.172479
93 88 0.161701
93 89 0.150559
93 90 0.139123
93 91 0.127384
93 92 0.115359
93 93 0.103131
93 94 0.090700
93 95 0.078092
93 96 0.065316
93 97 0.052386
93 98 0.039376
93 99 0.026291
93 100 0.013149
94 1 0.005111
94 2 0.010200
94 3 0.015321
94 4 0.020398
94 5 0.025472
94 6 0.030517
94 7 0.035518
94 8 0.040554
94 9 0.045511
94 10 0.050463
94 11 0.055378
94 12 0.060254
94 13 0.065102
94 14 0.069903
94 15 0.074674
94 16 0.079378
94 17 0.084060
94 18 0.088682
94 19 0.093276
94 20 0.097802
94 21 0.102307
94 22 0.106751
94 23 0.111153
94 24 0.115500
94 25 0.119796
94 26 0.124040
94 27 0.128230
94 28 0.132358
94 29 0.136455
94 30 0.140501
94 31 0.144500
94 32 0.148463
94 33 0.152389
94 34 0.156268
94 35 0.160112
94 36 0.163917
94 37 0.167681
94 38 0.171421
94 39 0.175101
94 40 0.178755
94 41 0.182399
94 42 0.186008
94 43 0.189555
94 44 0.193086
94 45 0.196559
94 46 0.199991
94 47 0.203377
94 48 0.206709
94 49 0.209995
94 50 0.213215
94 51 0.216366
94 52 0.219468
94 53 0.222446
94 54 0.225358
94 55 0.228121
94 56 0.230777
94 57 0.233274
94 58 0.235617
94 59 0.237798
94 60 0.239763
94 61 0.241531
94 62 0.243051
94 63 0.244308
94 64 0.245278
94 65 0.245937
94 66 0.246270
94 67 0.246229
94 68 0.245795
94 69 0.244988
94 70 0.243777
94 71 0.242082
94 72 0.239953
94 73 0.237321
94 74 0.234224
94 75 0.230620
94 76 0.226521
94 77 0.221913
94 78 0.216812
94 79 0.211200
94 80 0.205115
94 81 0.198541
94 82 0.191506
94 83 0.184028
94 84 0.176131
94 85 0.167830
94 86 0.159157
94 87 0.150115
94 88 0.140728
94 89 0.131044
94 90 0.121079
94 91 0.110875
94 92 0.100431
94 93 0.089769
94 94 0.078963
94 95 0.067997
94 96 0.056875
94 97 0.045626
94 98 0.034300
94 99 0.022883
94 100 0.011459
95 1 0.004367
95 2 0.008741
95 3 0.013105
95 4 0.017467
95 5 0.021808
95 6 0.026106
95 7 0.030439
95 8 0.034702
95 9 0.038949
95 10 0.043204
95 11 0.047418
95 12 0.051597
95 13 0.055737
95 14 0.059848
95 15 0.063924
95 16 0.067965
95 17 0.071962
95 18 0.075932
95 19 0.079845
95 20 0.083743
95 21 0.087602
95 22 0.091404
95 23 0.095173
95 24 0.098914
95 25 0.102592
95 26 0.106244
95 27 0.109819
95 28 0.113370
95 29 0.116889
95 30 0.120337
95 31 0.123780
95 32 0.127178
95 33 0.130544
95 34 0.133874
95 35 0.137169
95 36 0.140427
95 37 0.143676
95 38 0.146860
95 39 0.150025
95 40 0.153148
95 41 0.156262
95 42 0.159366
95 43 0.162433
95 44 0.165433
95 45 0.168392
95 46 0.171327
95 47 0.174220
95 48 0.177073
95 49 0.179868
95 50 0.182627
95 51 0.185294
95 52 0.187934
95 53 0.190494
95 54 0.192929
95 55 0.195310
95 56 0.197526
95 57 0.199635
95 58 0.201627
95 59 0.203452
95 60 0.205121
95 61 0.206585
95 62 0.207841
95 63 0.208874
95 64 0.209670
95 65 0.210200
95 66 0.210436
95 67 0.210344
95 68 0.209937
95 69 0.209237
95 70 0.208132
95 71 0.206679
95 72 0.204792
95 73 0.202546
95 74 0.199870
95 75 0.196763
95 76 0.193250
95 77 0.189303
95 78 0.184947
95 79 0.180149
95 80 0.174948
95 81 0.169348
95 82 0.163349
95 83 0.156969
95 84 0.150230
95 85 0.143170
95 86 0.135765
95 87 0.128056
95 88 0.120052
95 89 0.111812
95 90 0.103308
95 91 0.094585
95 92 0.085691
95 93 0.076610
95 94 0.067363
95 95 0.058018
95 96 0.048534
95 97 0.038957
95 98 0.029261
95 99 0.019549
95 100 0.009766
96 1 0.003637
96 2 0.007257
96 3 0.010910
96 4 0.014532
96 5 0.018125
96 6 0.021752
96 7 0.025298
96 8 0.028868
96 9 0.032431
96 10 0.035968
96 11 0.039480
96 12 0.042951
96 13 0.046382
96 14 0.049809
96 15 0.053223
96 16 0.056582
96 17 0.059910
96 18 0.063233
96 19 0.066493
96 20 0.069723
96 21 0.072933
96 22 0.076097
96 23 0.079253
96 24 0.082333
96 25 0.085416
96 26 0.088440
96 27 0.091448
96 28 0.094394
96 29 0.097331
96 30 0.100229
96 31 0.103093
96 32 0.105943
96 33 0.108733
96 34 0.111517
96 35 0.114256
96 36 0.116984
96 37 0.119680
96 38 0.122340
96 39 0.124982
96 40 0.127579
96 41 0.130153
96 42 0.132746
96 43 0.135293
96 44 0.137816
96 45 0.140263
96 46 0.142700
96 47 0.145106
96 48 0.147477
96 49 0.149821
96 50 0.152086
96 51 0.154322
96 52 0.156476
96 53 0.158575
96 54 0.160630
96 55 0.162538
96 56 0.164427
96 57 0.166160
96 58 0.167783
96 59 0.169315
96 60 0.170657
96 61 0.171846
96 62 0.172859
96 63 0.173681
96 64 0.174304
96 65 0.174730
96 66 0.174885
96 67 0.174793
96 68 0.174443
96 69 0.173808
96 70 0.172881
96 71 0.171629
96 72 0.170067
96 73 0.168174
96 74 0.165945
96 75 0.163352
96 76 0.160429
96 77 0.157128
96 78 0.153488
96 79 0.149506
96 80 0.145193
96 81 0.140538
96 82 0.135564
96 83 0.130271
96 84 0.124681
96 85 0.118811
96 86 0.112660
96 87 0.106261
96 88 0.099640
96 89 0.092805
96 90 0.085764
96 91 0.078539
96 92 0.071123
96 93 0.063609
96 94 0.055960
96 95 0.048160
96 96 0.040295
96 97 0.032333
96 98 0.024307
96 99 0.016218
96 100 0.008131
97 1 0.002911
97 2 0.005816
97 3 0.008708
97 4 0.011595
97 5 0.014508
97 6 0.017358
97 7 0.020228
97 8 0.023070
97 9 0.025904
97 10 0.028742
97 11 0.031564
97 12 0.034328
97 13 0.037084
97 14 0.039819
97 15 0.042540
97 16 0.045235
97 17 0.047910
97 18 0.050539
97 19 0.053164
97 20 0.055746
97 21 0.058310
97 22 0.060841
97 23 0.063325
97 24 0.065827
97 25 0.068262
97 26 0.070693
97 27 0.073088
97 28 0.075475
97 29 0.077822
97 30 0.080146
97 31 0.082443
97 32 0.084724
97 33 0.086974
97 34 0.089176
97 35 0.091386
97 36 0.093563
97 37 0.095728
97 38 0.097860
97 39 0.099948
97 40 0.102021
97 41 0.104106
97 42 0.106137
97 43 0.108205
97 44 0.110208
97 45 0.112178
97 46 0.114115
97 47 0.116045
97 48 0.117929
97 49 0.119794
97 50 0.121620
97 51 0.123377
97 52 0.125093
97 53 0.126773
97 54 0.128356
97 55 0.129926
97 56 0.131390
97 57 0.132789
97 58 0.134092
97 59 0.135280
97 60 0.136344
97 61 0.137264
97 62 0.138047
97 63 0.138689
97 64 0.139186
97 65 0.139466
97 66 0.139594
97 67 0.139507
97 68 0.139204
97 69 0.138690
97 70 0.137948
97 71 0.136924
97 72 0.135661
97 73 0.134143
97 74 0.132347
97 75 0.130278
97 76 0.127906
97 77 0.125299
97 78 0.122388
97 79 0.119206
97 80 0.115748
97 81 0.112045
97 82 0.108075
97 83 0.103856
97 84 0.099395
97 85 0.094718
97 86 0.089834
97 87 0.084721
97 88 0.079446
97 89 0.074002
97 90 0.068396
97 91 0.062626
97 92 0.056737
97 93 0.050723
97 94 0.044629
97 95 0.038425
97 96 0.032126
97 97 0.025786
97 98 0.019368
97 99 0.012954
97 100 0.006476
98 1 0.002188
98 2 0.004352
98 3 0.006519
98 4 0.008726
98 5 0.010864
98 6 0.013003
98 7 0.015158
98 8 0.017285
98 9 0.019421
98 10 0.021536
98 11 0.023645
98 12 0.025726
98 13 0.027793
98 14 0.029864
98 15 0.031898
98 16 0.033923
98 17 0.035901
98 18 0.037896
98 19 0.039863
98 20 0.041787
98 21 0.043699
98 22 0.045601
98 23 0.047473
98 24 0.049321
98 25 0.051181
98 26 0.052989
98 27 0.054811
98 28 0.056570
98 29 0.058347
98 30 0.060089
98 31 0.061821
98 32 0.063543
98 33 0.065228
98 34 0.066885
98 35 0.068534
98 36 0.070173
98 37 0.071763
98 38 0.073385
98 39 0.074940
98 40 0.076506
98 41 0.078043
98 42 0.079586
98 43 0.081103
98 44 0.082616
98 45 0.084111
98 46 0.085574
98 47 0.087012
98 48 0.088408
98 49 0.089811
98 50 0.091167
98 51 0.092490
98 52 0.093787
98 53 0.095015
98 54 0.096201
98 55 0.097356
98 56 0.098474
98 57 0.099505
98 58 0.100476
98 59 0.101361
98 60 0.102132
98 61 0.102829
98 62 0.103414
98 63 0.103898
98 64 0.104210
98 65 0.104437
98 66 0.104529
98 67 0.104447
98 68 0.104209
98 69 0.103822
98 70 0.103244
98 71 0.102477
98 72 0.101521
98 73 0.100373
98 74 0.099009
98 75 0.097457
98 76 0.095694
98 77 0.093731
98 78 0.091558
98 79 0.089167
98 80 0.086597
98 81 0.083813
98 82 0.080839
98 83 0.077680
98 84 0.074353
98 85 0.070856
98 86 0.067201
98 87 0.063386
98 88 0.059430
98 89 0.055371
98 90 0.051156
98 91 0.046852
98 92 0.042431
98 93 0.037960
98 94 0.033374
98 95 0.028768
98 96 0.024039
98 97 0.019274
98 98 0.014500
98 99 0.009672
98 100 0.004856
99 1 0.001458
99 2 0.002889
99 3 0.004366
99 4 0.005820
99 5 0.007241
99 6 0.008675
99 7 0.010099
99 8 0.011517
99 9 0.012926
99 10 0.014346
99 11 0.015764
99 12 0.017140
99 13 0.018528
99 14 0.019890
99 15 0.021258
99 16 0.022602
99 17 0.023932
99 18 0.025255
99 19 0.026557
99 20 0.027854
99 21 0.029131
99 22 0.030388
99 23 0.031635
99 24 0.032882
99 25 0.034103
99 26 0.035317
99 27 0.036516
99 28 0.037713
99 29 0.038886
99 30 0.040054
99 31 0.041207
99 32 0.042356
99 33 0.043480
99 34 0.044584
99 35 0.045689
99 36 0.046767
99 37 0.047856
99 38 0.048899
99 39 0.049954
99 40 0.050974
99 41 0.052018
99 42 0.053038
99 43 0.054060
99 44 0.055063
99 45 0.056037
99 46 0.057052
99 47 0.058005
99 48 0.058954
99 49 0.059881
99 50 0.060760
99 51 0.061636
99 52 0.062488
99 53 0.063325
99 54 0.064120
99 55 0.064881
99 56 0.065608
99 57 0.066286
99 58 0.066923
99 59 0.067529
99 60 0.068053
99 61 0.068501
99 62 0.068885
99 63 0.069163
99 64 0.069403
99 65 0.069553
99 66 0.069603
99 67 0.069551
99 68 0.069377
99 69 0.069120
99 70 0.068729
99 71 0.068211
99 72 0.067564
99 73 0.066798
99 74 0.065894
99 75 0.064846
99 76 0.063670
99 77 0.062364
99 78 0.060925
99 79 0.059333
99 80 0.057611
99 81 0.055764
99 82 0.053796
99 83 0.051694
99 84 0.049473
99 85 0.047151
99 86 0.044723
99 87 0.042183
99 88 0.039549
99 89 0.036852
99 90 0.034049
99 91 0.031179
99 92 0.028243
99 93 0.025257
99 94 0.022216
99 95 0.019134
99 96 0.016020
99 97 0.012851
99 98 0.009630
99 99 0.006439
99 100 0.003201
100 1 0.000705
100 2 0.001451
100 3 0.002185
100 4 0.002892
100 5 0.003629
100 6 0.004336
100 7 0.005032
100 8 0.005751
100 9 0.006455
100 10 0.007175
100 11 0.007866
100 12 0.008575
100 13 0.009238
100 14 0.009934
100 15 0.010620
100 16 0.011291
100 17 0.011964
100 18 0.012626
100 19 0.013287
100 20 0.013915
100 21 0.014569
100 22 0.015184
100 23 0.015827
100 24 0.016430
100 25 0.017049
100 26 0.017655
100 27 0.018247
100 28 0.018843
100 29 0.019437
100 30 0.020018
100 31 0.020600
100 32 0.021174
100 33 0.021729
100 34 0.022290
100 35 0.022837
100 36 0.023381
100 37 0.023916
100 38 0.024434
100 39 0.024968
100 40 0.025480
100 41 0.025992
100 42 0.026512
100 43 0.027017
100 44 0.027518
100 45 0.028018
100 46 0.028504
100 47 0.029019
100 48 0.029496
100 49 0.029945
100 50 0.030394
100 51 0.030805
100 52 0.031234
100 53 0.031650
100 54 0.032068
100 55 0.032435
100 56 0.032803
100 57 0.033125
100 58 0.033451
100 59 0.033754
100 60 0.034028
100 61 0.034258
100 62 0.034415
100 63 0.034556
100 64 0.034676
100 65 0.034748
100 66 0.034783
100 67 0.034752
100 68 0.034671
100 69 0.034523
100 70 0.034325
100 71 0.034058
100 72 0.033745
100 73 0.033361
100 74 0.032922
100 75 0.032390
100 76 0.031814
100 77 0.031147
100 78 0.030425
100 79 0.029625
100 80 0.028773
100 81 0.027858
100 82 0.026871
100 83 0.025827
100 84 0.024712
100 85 0.023549
100 86 0.022327
100 87 0.021055
100 88 0.019762
100 89 0.018404
100 90 0.017019
100 91 0.015583
100 92 0.014117
100 93 0.012615
100 94 0.011126
100 95 0.009566
100 96 0.008007
100 97 0.006429
100 98 0.004815
100 99 0.003190
100 100 0.001603
